en,es,tr,de,title,speaker,duration,tags
"
","
","
","
",Two nameless bodies washed up on the beach. Here are their stories,Anders Fjellberg,14:41,"Europe,Middle East,death,global issues,identity,journalism,war,Syria"
"
											So this right here
											is the tiny village of Elle,
close to Lista.
											It's right at the southernmost
tip of Norway.
											And on January 2 this year,
											an elderly guy who lives in the village,
											he went out to see what was cast ashore
											during a recent storm.
											And on a patch of grass
right next to the water's edge,
											he found a wetsuit.
											It was grey and black,
and he thought it looked cheap.
											Out of each leg of the wetsuit
											there were sticking two white bones.
											It was clearly the remains
of a human being.
									","
											Esto de aquí
											es el pequeño pueblo
de Elle, cerca de Lista.
											Justo en la parte más
al sur de Noruega.
											El 2 de enero de este año,
											un anciano habitante de este pueblo,
											salió para ver los efectos en la orilla
											de una reciente tormenta.
											En una zona de hierba
justo hasta donde llega el agua,
											encontró un traje de buzo.
											Era gris y negro y parecía barato.
											Por el final de cada pierna del traje
											salían un par de huesos blancos.
											Sin duda eran los restos de un humano.
									","
											Resimde gördüğünüz
											Lista'nın yakınındaki küçük Elle köyü.
											Norveç'in tam en güney ucunda bulunmakta.
											Bu yıl 2 Ocak tarihinde,
											bu köyde yaşayan yaşlı bir adam
											yakın zamandaki fırtınadan
											kıyıya ne vurdu diye bakmak için 
dışarı çıktı.
											Hemen suyun kenarında, 
bir parça çimenin üzerinde
											bir dalgıç kıyafeti buldu.
											Rengi gri ve siyahtı, ucuz 
bir şey olduğunu düşündü.
											Dalgıç kıyafetinin her bir bacağından
											iki beyaz kemik çıkıyordu.
											Bunlar açıkça bir insanın kalıntılarıydı.
									","
											Das hier ist
											das winzige Dorf Elle, nahe Lista,
											an der südlichsten Spitze Norwegens.
											Am 2. Januar diesen Jahres
											ging ein älterer Bewohner
des Dorfes hinaus,
											um zu sehen, was der letzte Sturm
angeschwemmt hatte.
											Auf einer Grasfläche, direkt am Ufer,
											fand er einen Taucheranzug.
											Er war grau und schwarz 
und sah für ihn billig aus.
											Aus jedem der beiden Anzugbeine
											ragten zwei weiße Knochen hervor.
											Das waren eindeutig menschliche Überreste.
									",Two nameless bodies washed up on the beach. Here are their stories,Anders Fjellberg,14:41,"Europe,Middle East,death,global issues,identity,journalism,war,Syria"
"
","
","
","
",Two nameless bodies washed up on the beach. Here are their stories,Anders Fjellberg,14:41,"Europe,Middle East,death,global issues,identity,journalism,war,Syria"
"
											And usually, in Norway,
dead people are identified quickly.
											So the police started searching
											through missing reports
from the local area,
											national missing reports,
											and looked for accidents
with a possible connection.
											They found nothing.
											So they ran a DNA profile,
											and they started searching
internationally through Interpol.
											Nothing.
											This was a person
that nobody seemed to be missing.
											It was an invisible life
heading for a nameless grave.
											But then, after a month,
											the police in Norway got a message
from the police in the Netherlands.
											A couple of months earlier,
they had found a body,
											in an identical wetsuit,
and they had no idea who this person was.
											But the police in the Netherlands
managed to trace the wetsuit
											by an RFID chip that was sewn in the suit.
											So they were then able to tell
											that both wetsuits were bought
by the same customer at the same time,
											October 7, 2014,
											in the French city of Calais
by the English Channel.
											But this was all
they were able to figure out.
											The customer paid cash.
											There was no surveillance
footage from the shop.
											So it became a cold case.
									","
											En Noruega, los cadáveres
suelen identificarse rápido.
											y la policía empezó a investigar
											en informes de desapariciones de la zona,
											en informes nacionales.
											buscaron en accidentes
que pudieran tener relación.
											No encontraron nada.
											Realizaron una prueba de ADN
											y, a través de la Interpol,
buscaron en el extranjero.
											Nada.
											Era persona que parecía que 
nadie echara de menos.
											Una vida invisible hacia
una tumba sin nombre.
											Entonces, un mes después,
											la policía noruega recibió
un mensaje de la policía holandesa.
											Un par de meses antes,
habían encontrado un cadáver
											en un traje de neopreno idéntico 
y no sabían quién era la persona.
											La policía holandesa
pudo restrear el traje
											a través de un chip
de radiofrecuencia cosido al traje.
											Así pudieron afirmar 

											que ambos trajes los compró
la misma persona, a la misma hora.
											El 7 de octubre de 2014,
											en la ciudad francesa de Calais
en el canal de la Mancha.
											Y eso fue todo lo que pudieron saber. 

											Ese cliente pagó en efectivo.
											No había cámaras
de seguridad en la tienda.
											Fue caso cerrado.
									","
											Genellikle Norveç'te ölüler 
çabuk tespit edilirler.
											Böylece polis
											yöresel kayıp ilanlarını,
											ulusal kayıp ilanlarını
											ve bağlantılı olabilecek kazaları 
araştırmaya başladı.
											Hiçbir şey bulamadılar.
											Bu sebeple DNA profili yaptılar,
											ve Interpol aracılığıyla tüm 
dünyada aramaya başladılar.
											Gene hiçbir şey çıkmadı.
											Görünen o ki, bu kimsenin 
aramadığı bir kişiydi.
											İsimsiz bir mezara girecek olan,
görünmez bir hayattı.
											1 ay sonra,
											Norveç polisi Hollanda polisinden 
bir mesaj aldı.
											Birkaç ay önce
											onlar da aynı dalgıç kıyafetinde 
bir ceset bulmuşlardı
											ve onların da bu kişinin kim 
olduğuna dair fikirleri yoktu.
											Ama Hollanda polisi dalgıç kıyafetinin
											içine dikili bir RFID çipinden 
iz sürmeyi başarmıştı.
											Sonuçta iki kıyafetin de aynı 
müşteri tarafından
											aynı zamanda satın 
alındığını anlamışlardı,
											7 ekim 2014'te,
											Fransız şehri Calais'de,
İngiliz Manşı'nda.
											Ama sadece bu kadarını çözebilmişlerdi.
											Müşteri nakit ödemişti.
											Mağazanın gözetleme görüntüleri yoktu.
											Böylece çözülmemiş bir vaka olarak kaldı.
									","
											In Norwegen werden Tote 
normalerweise schnell identifiziert.
											Die Polizei begann also,
											lokale und nationale
Vermisstenanzeigen durchzusehen
											und suchte Unfälle mit
einer möglichen Verbindung.
											Sie fand nichts.
											Sie analysierte das DNA-Profil
											und begann, international 
durch Interpol zu suchen.
											Nichts.
											Das war eine Person, 
die niemand zu vermissen schien.
											Es war ein unsichtbares Leben, 
das auf ein namenloses Grab zusteuerte.
											Aber dann, nach einem Monat
											erhielt die norwegische Polizei 
eine Nachricht von der niederländischen.
											Die hatte ein paar Monate zuvor eine
Leiche in einem solchen Anzug gefunden
											und sie hatten keine Ahnung,
wer diese Person war.
											Aber die Polizei in den Niederlanden
konnte den Taucheranzug
											durch den RFID-Chip zurückverfolgen, 
der in den Anzug eingenäht war.
											Sie konnten also jetzt sagen,
											dass beide Anzüge gleichzeitig
vom selben Kunden am 7. Oktober 2014
											in der französischen Stadt Calais 
am Ärmelkanal
											gekauft worden waren.
											Aber das war alles, 
was sie herausfinden konnten.
											Der Kunde hatte bar bezahlt.
											Es gab keine Überwachungsvideos vom Laden.
											Der Fall blieb ungelöst.
									",Two nameless bodies washed up on the beach. Here are their stories,Anders Fjellberg,14:41,"Europe,Middle East,death,global issues,identity,journalism,war,Syria"
"
","
","
","
",Two nameless bodies washed up on the beach. Here are their stories,Anders Fjellberg,14:41,"Europe,Middle East,death,global issues,identity,journalism,war,Syria"
"
											We heard this story,
											and it triggered me and my colleague,
photographer Tomm Christiansen,
											and we of course had the obvious question:
who were these people?
											At the time, I'd barely
heard about Calais,
											but it took about two
or three seconds to figure out
											Calais is basically known for two things.
											It's the spot in continental Europe
closest to Britain,
											and a lot of migrants and refugees
are staying in this camp
											and are trying desperately
to cross over to Britain.
											And right there was a plausible theory
about the identity of the two people,
											and the police made this theory as well.
											Because if you or I or anybody else
with a firm connection to Europe
											goes missing off the coast of France,
people would just know.
											Your friends or family
would report you missing,
											the police would come search for you,
the media would know,
											and there would be
pictures of you on lampposts.
											It's difficult to disappear
without a trace.
											But if you just fled the war in Syria,
											and your family,
if you have any family left,
											don't necessarily know where you are,
											and you're staying here illegally
											amongst thousands of others
who come and go every day.
											Well, if you disappear one day,
nobody will notice.
											The police won't come search for you
because nobody knows you're gone.
									","
											Oímos la historia,
											y Tomm Christiansen, fotógrafo,
quedamos impactados.
											Nos hicimos la inevitable pregunta:
¿quiénes eran esas personas?
											Aunque a penas sabía nada de Calais,
											me llevó dos o tres segundos averiguar que
											Calais era conocida por dos cosas.
											Es la zona de Europa continental
más cercana a Gran Bretaña.
											Muchos inmigrantes y refugiados 
viven en un campamento
											e intentan cruzar hasta
Gran Bretaña a toda costa.
											Ahí había una posible teoría
sobre la identidad de los cadáveres
											y la policía intuyó lo mismo también.
											Si Uds. yo u otra persona
conectados a Europa
											desapareciera en la costa de
Francia, la gente lo sabría.
											Amigos o familia
denunciarían su desaparición,
											la policía le buscaría,
la prensa lo anunciaría
											y pondrían fotos en farolas.
											Es difícil desaparecer sin dejar rastro.
											Aunque si huyes de la guerra de Siria
											y tu familia, si es que aún tienes,
											no sabe con certeza dónde estás
											y estás aquí de forma ilegal
											entre miles de personas
que van y vienen a diario.
											Claro que si desapareces un día 
nadie se dará cuenta.
											La policía no te buscará porque
nadie nota que has desaparecido.
									","
											Biz bu hikayeyi duyduk 
ve bu benle
											meslektaşım fotoğrafçı 
Tomm Christiansen'i harekete geçirdi,
											tabii ki aklımızdaki bariz soru şuydu: 
bu insanlar kim?
											O zamanlar Calais hakkında 
çok az şey biliyordum,
											fakat Calais'nin iki şeyiyle ünlü olduğunu
											anlamam 2 ya da 3 saniyemi aldı.
											Burası Avrupa kıtasının 
İngiltere'ye en yakın noktası.
											Bir sürü göçmen ve mülteci 
buradaki kampta kalmakta
											ve umutsuzca İngiltere'ye 
geçmeye çalışmaktalar.
											Bu noktada, bu iki kişinin kimliği 
hakkında makul bir teori ortaya çıktı
											ve polis de bunu öngördü.
											Çünkü Avrupa'yla bağlantısı olan siz, 
ben veya başka biri
											Fransa kıyılarında kaybolsa, 
insanlar bilirler.
											Arkadaşlarınız veya aileniz 
kayıp olduğunuzu bildirirler,
											polis gelip sizi arar, medya bilir,
											muhtemelen lamba direklerinde 
resimleriniz olur.
											İz bırakmadan kaybolmak zordur.
											Fakat Suriye'deki savaştan kaçmışsanız,
											aileniz, tabii hâlâ bir aileniz kaldıysa,
											ister istemez nerede 
olduğunuzu bilemiyorlarsa
											ve burada, her gün gidip gelen 
binlercesi arasında,
											yasadışı olarak kalıyorsanız,
											bir gün kaybolursanız, hiç kimse 
fark etmeyecektir.
											Polis sizi aramayacaktır, 
çünkü kimse kaybolduğunuzu bilmiyordur.
									","
											Als wir die Geschichte hörten,
											rief sie in mir und meinem Kollegen,
dem Fotografen Tomm Christiansen,
											die naheliegende Frage hervor: 
Wer waren diese Leute?
											Damals wusste ich kaum etwas über Calais,
											aber ich fand schnell heraus,
											dass Calais hauptsächlich 
für zwei Dinge bekannt ist.
											Es ist Europas nächstgelegener Ort
zu Großbritannien.
											Viele Migranten und Flüchtlinge
leben in diesem Camp
											und versuchen verzweifelt, 
nach Großbritannien überzusetzen.
											Und genau da lag eine plausible Theorie 
über die Identität der beiden Menschen
											und die Polizei kam auch darauf.
											Denn wenn irgendwer mit einer
klaren Verbindung zu Europa
											an der französischen Küste
vermisst würde, wüsste man es.
											Freunde oder Familie würden
Sie vermisst melden,
											die Polizei würde Sie suchen,
die Medien wüssten Bescheid
											und es gäbe Bilder von Ihnen
an Laternenpfählen.
											Es ist schwierig, spurlos zu verschwinden.
											Aber wenn Sie aus Syrien geflohen sind,
											und Ihre Familie, vorausgesetzt, 
Sie haben noch Familie,
											nicht unbedingt weiß, wo Sie sind,
											und Sie hier illegal sind,
											inmitten Tausender anderer,
die jeden Tag kommen und gehen —
											wenn Sie eines Tages verschwinden,
wird es niemand bemerken.
											Die Polizei sucht Sie nicht, 
denn keiner weiß, dass Sie weg sind.
									",Two nameless bodies washed up on the beach. Here are their stories,Anders Fjellberg,14:41,"Europe,Middle East,death,global issues,identity,journalism,war,Syria"
"
","
","
","
",Two nameless bodies washed up on the beach. Here are their stories,Anders Fjellberg,14:41,"Europe,Middle East,death,global issues,identity,journalism,war,Syria"
"
											And this is what happened
to Shadi Omar Kataf
											and Mouaz Al Balkhi from Syria.
									","
											Eso es lo que le ocurrió 
a Shadi Omar Kataf
											y a Mouaz Al Balkhi, ambos sirios.
									","
											Suriyeli Shadi Omar Kataf ve
											Mouaz Al Balkhi'ye olan da buydu.
									","
											Genau das passierte Shadi Omar Kataf
											und Mouaz Al Balkhi aus Syrien.
									",Two nameless bodies washed up on the beach. Here are their stories,Anders Fjellberg,14:41,"Europe,Middle East,death,global issues,identity,journalism,war,Syria"
"
","
","
","
",Two nameless bodies washed up on the beach. Here are their stories,Anders Fjellberg,14:41,"Europe,Middle East,death,global issues,identity,journalism,war,Syria"
"
											Me and Tomm went to Calais
for the first time in April this year,
											and after three months of investigation,
we were able to tell the story
											about how these two young men
fled the war in Syria,
											ended up stuck in Calais,
											bought wetsuits and drowned
in what seems to have been an attempt
											to swim across the English Channel
in order to reach England.
											It is a story about the fact
that everybody has a name,
											everybody has a story,
everybody is someone.
											But it is also a story about what
it's like to be a refugee in Europe today.
									","
											Tomm y yo fuimos a Calais 
por primera vez en abril
											y después de tres meses
investigando podíamos contar la historia
											de dos jóvenes sirios que
escaparon de la guerra de Siria
											y, al no poder irse de Calais,
											compraron trajes de buzo y
se sumergieron en el intento
											de cruzar a nado el canal
de la Mancha hasta Inglaterra.
											Es la historia de cómo
todos tenemos un nombre
											todo el mundo tiene una historia
y todo el mundo es alguien.
											Pero también es la historia de qué 
significa ser un refugiado en Europa.
									","
											Ben ve Tomm, Calais'ye 
ilk kez bu yılın nisan ayında gittik.
											3 aylık bir soruşturmadan sonra, 
bu 2 genç adamın nasıl
											Suriye'deki savaştan kaçıp 
Calais'de sıkışıp kaldıklarının,
											İngiliz Manşı'nı yüzerek 
İngiltere'ye ulaşmak için
											nasıl dalgıç kıfayeti satın alıp 
boğulduklarının
											hikayesini anlatabilir hale geldik.
											Bu hikaye herkesin bir isminin olduğu 
gerçeğinin hikayesidir.
											Her kişinin bir hikayesi var,
her kişi bir şahsiyettir.
											Bu ayrıca, bugün Avrupa'da
											mülteci olmanın nasıl bir şey 
olduğunun hikayesidir.
									","
											Tomm und ich reisten im April
diesen Jahres erstmals nach Calais,
											und nach einer dreimonatigen Untersuchung
konnten wir die Geschichte
											der beiden jungen Männer erzählen,
die dem Krieg in Syrien entkamen,
											in Calais landeten,
											Taucheranzüge kauften und wahrscheinlich
bei dem Versuch ertranken,
											den Ärmelkanal zu durchschwimmen,
um England zu erreichen.
											Es ist eine Geschichte darüber,
dass jeder einen Namen
											und eine Geschichte hat,
dass jeder jemand ist.
											Aber es ist auch eine Geschichte darüber,
heute ein Flüchtling in Europa zu sein.
									",Two nameless bodies washed up on the beach. Here are their stories,Anders Fjellberg,14:41,"Europe,Middle East,death,global issues,identity,journalism,war,Syria"
"
","
","
","
",Two nameless bodies washed up on the beach. Here are their stories,Anders Fjellberg,14:41,"Europe,Middle East,death,global issues,identity,journalism,war,Syria"
"
											So this is where we started our search.
											This is in Calais.
											Right now, between 3,500
and 5,000 people are living here
											under horrible conditions.
											It has been dubbed
the worst refugee camp in Europe.
											Limited access to food,
limited access to water,
											limited access to health care.
											Disease and infections are widespread.
											And they're all stuck here
because they're trying to get to England
											in order to claim asylum.
											And they do that by hiding in the back
of trucks headed for the ferry,
											or the Eurotunnel,
											or they sneak inside
the tunnel terminal at night
											to try to hide on the trains.
									","
											Aquí es donde empezó nuestra búsqueda.
											Esto es Calais.
											Actualmente viven aquí 
entre 3000 y 5000 personas
											en unas condiciones horribles.
											Lo llaman el peor campamento
de refugiados de Europa.
											Acceso limitado a comida,
acceso limitado a agua,
											acceso limitado a sanidad.
											Enfermedades e infecciones 
por todos lados.
											Están atrapados ahí porque
quieren llegar hasta Inglaterra
											y poder solicitar asilo.
											Y lo intentan escondiéndose 
en camiones que viajan en ferry,
											o por el Eurotúnel.
											O se cuelan por la noche
en la terminal del túnel
											para esconderse en los trenes.
									","
											Burası bizim soruşturmamızı 
başlattığımız yer.
											Burası Calais.
											Şu an burada 3.500-5.000 kişi
											çok kötü koşullarda yaşıyorlar.
											Buraya Avrupa'nın en kötü 
mülteci kampı ünvanı verildi.
											Gıdaya sınırlı erişim, 
suya sınırlı erişim,
											sağlık hizmetine sınırlı erişim.
											Hastalık ve enfeksiyonlar 
oldukça yaygınlar.
											Sığınma talep etmek için
											İngiltere'ye ulaşmaya çalıştıkları için
											hepsi burada sıkışıp kalmışlar.
											Bunu da, feribot ya da 
Eurotunnel'a gidecek olan
											kamyonlarda saklanarak,
											ya da tünel terminaline gece gizlice girip
											trenlerin içinde saklanmaya 
çalışarak yapıyorlar.
									","
											Damit begannen wir also unsere Suche.
											Das ist in Calais.
											Heute leben zwischen 3 500
und 5 000 Menschen hier
											unter furchtbaren Bedingungen.
											Es wird das schlimmste Flüchtlingslager
in Europa genannt.
											Begrenzter Zugang zu Nahrung, zu Wasser
											und zu Gesundheitversorgung.
											Krankheit und Infektionen
sind weit verbreitet.
											Sie sitzen hier alle fest, weil sie
nach England gelangen wollen,
											um Asyl zu beantragen.
											Das tun sie, indem sie sich
auf Lastwagen verstecken,
											die zur Fähre oder den Eurotunnel fahren,
											oder sie schleichen nachts
in den Tunnelterminal,
											um sich auf den Zügen zu verstecken.
									",Two nameless bodies washed up on the beach. Here are their stories,Anders Fjellberg,14:41,"Europe,Middle East,death,global issues,identity,journalism,war,Syria"
"
","
","
","
",Two nameless bodies washed up on the beach. Here are their stories,Anders Fjellberg,14:41,"Europe,Middle East,death,global issues,identity,journalism,war,Syria"
"
											Most want to go to Britain
because they know the language,
											and so they figure it would be easier
to restart their lives from there.
											They want to work, they want to study,
											they want to be able
to continue their lives.
											A lot of these people are
highly educated and skilled workers.
											If you go to Calais and talk to refugees,
you'll meet lawyers, politicians,
											engineers, graphic designers,
farmers, soldiers.
											You've got the whole spectrum.
											But who all of these people are
											usually gets lost in the way
we talk about refugees and migrants,
											because we usually do that in statistics.
									","
											La mayoría quiere ir a Inglaterra 
porque conocen el idioma
											y creen que les resultará más fácil 
retomar sus vidas ahí.
											Quieren trabajar, quieren estudiar,
											quieren poder seguir viviendo sus vidas.
											Muchos tienen estudios
superiores y están cualificados.
											Si vas a Calais y hablas con ellos,
conocerás a abogados, políticos,
											ingenieros, diseñadores gráficos, 
granjeros, soldados...
											Encuentras todos los oficios.
											Pero quiénes son estas personas
											deja de saberse cuando hablamos
de refugiados y de emigrantes
											porque solemos usar estadísticas.
									","
											Çoğu İngiltere'ye dilini
bildikleri için gitmek istiyorlar,
											hayatlarına burada yeniden başlamanın
daha kolay olacağını düşünüyorlar
											Çalışmak istiyorlar, 
eğitim görmek istiyorlar,
											hayatlarını devam ettirmek istiyorlar.
											Bu insanların çoğu iyi eğitilmiş 
ve yetenekli işçiler.
											Calais'ye gidip mültecilerle 
konuşursanız; avukatlar, siyasetçiler,
											mühendisler, grafik tasarımcıları, 
çiftçiler ve askerlerle karşılaşırsınız.
											Bütün yelpaze mevcut.
											Fakat bu insanların kim olduklarını
											mülteciler ve göçmenlerden bahsederken 
genellikle es geçeriz,
											çünkü bunu istatistikler 
üzerinden yaparız.
									","
											Die meisten wollen nach Großbritannien,
weil sie Englisch sprechen
											und glauben, dass
ein Neubeginn dort leichter sei.
											Sie wollen arbeiten, wollen studieren,
											sie wollen ihr Leben weiterleben können.
											Viele dieser Menschen sind
hoch gebildet und Fachkräfte.
											Wenn man in Calais mit Flüchtlingen
spricht, trifft man Anwälte, Politiker,
											Ingenieure, Designer, Landwirte, Soldaten.
											Man findet das gesamte Spektrum.
											Aber wer all diese Menschen sind,
geht meistens in der Art und Weise unter,
											in der wir über Flüchtlinge
und Migranten sprechen,
											denn das tun wir meistens in Statistiken.
									",Two nameless bodies washed up on the beach. Here are their stories,Anders Fjellberg,14:41,"Europe,Middle East,death,global issues,identity,journalism,war,Syria"
"
","
","
","
",Two nameless bodies washed up on the beach. Here are their stories,Anders Fjellberg,14:41,"Europe,Middle East,death,global issues,identity,journalism,war,Syria"
"
											So you have 60 million refugees globally.
											About half a million
have made the crossing
											over the Mediterranean
into Europe so far this year,
											and roughly 4,000 are staying in Calais.
											But these are numbers,
											and the numbers don't say anything
about who these people are,
											where they came from, or why they're here.
									","
											Si hay 60 millones de
refugiados en total,
											sobre medio millón han cruzado
											este año el Mediterráneo
para llegar hasta Europa
											y unos 4000 viven en Calais.
											Pero eso son solo cifras,
											y las cifras no dicen nada
sobre quiénes son esas personas,
											de dónde vienen o por qué están aquí.
									","
											Dünyada 600 milyon mülteci var.
											Yaklaşık yarım milyonu bu yıla kadar
											Akdeniz üzerinden Avrupa'ya 
geçmiş bulunmakta,
											ve kabaca 4.000'i Calais'de kalmaktalar.
											Ama bunlar sadece sayılar.
											Ve sayılar bu insanların 
kim olduklarından,
											nereden geldiklerinden veya 
neden burda olduklarından bahsetmiyor.
									","
											Wir haben weltweit 60 Mio. Flüchtlinge.
											Etwa eine halbe Million hat es bisher
											dieses Jahr übers Mittelmeer
nach Europa geschafft,
											und ungefähr 4 000 leben in Calais.
											Aber das sind Zahlen
											und die Zahlen sagen nichts darüber aus,
wer diese Menschen sind,
											woher sie kommen oder warum sie hier sind.
									",Two nameless bodies washed up on the beach. Here are their stories,Anders Fjellberg,14:41,"Europe,Middle East,death,global issues,identity,journalism,war,Syria"
"
","
","
","
",Two nameless bodies washed up on the beach. Here are their stories,Anders Fjellberg,14:41,"Europe,Middle East,death,global issues,identity,journalism,war,Syria"
"
											And first, I want to tell you
about one of them.
											This is 22-year-old
Mouaz Al Balkhi from Syria.
											We first heard about him
after being in Calais the first time
											looking for answers to the theory
of the two dead bodies.
											And after a while, we heard this story
											about a Syrian man
who was living in Bradford in England,
											and had been desperately searching
for his nephew Mouaz for months.
											And it turned out the last time
anybody had heard anything from Mouaz
											was October 7, 2014.
											That was the same date
the wetsuits were bought.
											So we flew over there and we met the uncle
											and we did DNA samples of him,
											and later on got additional DNA samples
from Mouaz's closest relative
											who now lives in Jordan.
											The analysis concluded
											the body who was found in a wetsuit
on a beach in the Netherlands
											was actually Mouaz Al Balkhi.
											And while we were doing
all this investigation,
											we got to know Mouaz's story.
											He was born in the Syrian capital
of Damascus in 1991.
											He was raised in a middle class family,
											and his father in the middle there
is a chemical engineer
											who spent 11 years in prison for belonging
to the political opposition in Syria.
											While his father was in prison,
											Mouaz took responsibility
and he cared for his three sisters.
											They said he was that kind of guy.
											Mouaz studied to become
an electrical engineer
											at the University of Damascus.
									","
											Quiero hablarles
de uno de ellos.
											Este es Mouaz Al Balkhi,
22 años, de Siria.
											Supimos de él la primera
vez que estuvimos en Calais,
											buscando respuestas a la
hipótesis para los dos cadáveres.
											Tras un tiempo, oímos la historia
											de un hombre sirio que vivía
en Bradford, Inglaterra,
											y que había buscado desesperado
a su sobrino Mouaz durante meses.
											Resultó que la última vez
que alguien supo algo de Mouaz
											fue el 7 de octure de 2014.
											El mismo día en que se
compraron los trajes.
											Viajamos hasta allí y conocimos al tío.
											Le tomamos muestras de ADN
											y también se tomaron muestras
del pariente de Mouaz más cercano,
											que vive en Jordania.
											Los análisis concluyeron
											que el cuerpo encontrado
en la playa, en Holanda,
											era de Mouaz al Balkhi.
											Mientras realizábamos
toda esta investigación,
											pudimos conocer la historia de Mouaz.
											Nació en la capital siria
de Damasco en 1991.
											Se crió en una familia de clase media.
											Su padre, el del centro, 
es ingeniero químico
											que pasó 11 en la cárcel por
pertenecer a la oposición política.
											Durante la ausencia de su padre,
											Mouaz asumió la responsabilidad
de cuidar de sus 3 hermanas.
											Él era así, nos dijeron.
											Mouaz estudió ingeniería eléctrica
											en la Universidad de Damasco.
									","
											İlk olarak bunlardan birinden 
bahsetmek istiyorum.
											Bu 22 yaşındaki Suriyeli Mouaz Al Balkhi.
											Onun adını Calais'ye ilk gidişimizde
											iki ölü bedenin hikayesini 
araştırırken duyduk.
											Biraz araştırmadan sonra, 
İngiltere Bradford'da yaşayan,
											aylarca kuzeni Mouaz'ı arayan
											Suriyeli bir adamın hikayesini duyduk.
											Ve ortaya çıktı ki Mouaz'ın 
en son görüldüğü tarih
											7 Ekim 2014'tü.
											Bu dalgıç kıyafetlerinin 
alındığı günle aynıydı.
											Uçakla oraya gidip amcasıyla tanıştık
											ve ondan DNA örnekleri aldık.
											Daha sonra Mouaz'ın Ürdün'de 
yaşayan en yakın akrabasından
											ilave DNA örnekleri daha aldık.
											Analizlerin sonucunda
											dalgıç kıyafetinde, Hollanda'nın 
bir sahilinde bulunan cesedin
											gerçekten de Mouaz Al Balkhi olduğu çıktı.
											Tüm bu araştırmaları yaparken
											Mouaz'ın hikayesini de öğrenmiş olduk.
											Suriye'nin başkenti Şam'da 
1991 yılında doğmuştu.
											Orta sınıf bir ailede yetişmiş
											ve ortadaki babası Suriye'deki 
muhalefete üye olduğu için
											11 yılını hapiste geçirmiş 
bir kimya mühendisi.
											Babası hapisteyken,
											Mouaz tüm sorumluğu alıp 
3 kız kardeşine bakmıştı.
											""O böyle bir adamdı"" dediler.
											Mouaz elektrik mühendisi olmak için
											Şam Üniversitesi'nde eğitim görmüştü.
									","
											Zuerst will ich Ihnen etwas
von einem erzählen.
											Das ist der 22-jährige
Mouaz Al Balkhi aus Syiren.
											Wir hörten von ihm nach
unserem ersten Besuch in Calais,
											als wir Antworten zu
die beiden Leichen suchten.
											Nach einer Weile hörten wir die Geschichte
											über einen Syrer,
der in Bradford in England lebte
											und monatelang verzweifelt
nach seinem Neffen Mouaz suchte.
											Es stellte sich heraus, dass das
letzte Mal jemand am 7. Oktober 2014
											von Mouaz gehört hatte.
											Am gleichen Tag wurden
die Taucheranzüge gekauft.
											Wir flogen also hin und trafen den Onkel,
											wir nahmen DNA-Proben von ihm
											und bekamen später zusätzliche DNA-Proben
											von Mouaz' nächstem Verwandten,
der in Jordanien lebt.
											Die Analyse ergab, dass die Leiche,
											die im Taucheranzug am Strand
in den Niederlanden gefunden worden war,
											Mouaz Al Balkhi war.
											Während unserer Untersuchungen
											erfuhren wir Mouaz' Geschichte.
											Er wurde 1991 in der syrischen
Hauptstadt Damaskus geboren.
											Seine Familie war aus der Mittelschicht.
											Sein Vater, hier in der Mitte,
ist ein Chemieingenieur,
											der elf Jahre im Gefängnis verbrachte,
weil er zur politischen Opposition gehört.
											Solange sein Vater eingesperrt war,
											trug Mouaz Verantwortung und
sorgte für seine drei Schwestern.
											Sie sagten, er war der Typ dafür.
											Mouaz studierte an
der Universität von Damaskus
											und wollte Elektroingenieur werden.
									",Two nameless bodies washed up on the beach. Here are their stories,Anders Fjellberg,14:41,"Europe,Middle East,death,global issues,identity,journalism,war,Syria"
"
","
","
","
",Two nameless bodies washed up on the beach. Here are their stories,Anders Fjellberg,14:41,"Europe,Middle East,death,global issues,identity,journalism,war,Syria"
"
											So a couple of years into the Syrian war,
											the family fled Damascus and went
to the neighboring country, Jordan.
											Their father had problems
finding work in Jordan,
											and Mouaz could not continue his studies,
											so he figured, ""OK, the best thing
I can do to help my family
											would be to go somewhere
where I can finish my studies
											and find work.""
											So he goes to Turkey.
									","
											Tras dos años del comienzo de la guerra,
											la familia dejó Damasco
y viajaron hasta el país vecino.
											En Jordania, su padre
no podía encontrar trabajo
											y Mouaz no pudo seguir con sus estudios.
											Pensó: ""Lo mejor que puedo 
hacer para ayudar a mi familia
											es ir a algún lugar donde
pueda acabar mis estudios
											y encontrar un trabajo"".
											Así que, viajó a Turquía.
									","
											Suriye savaşından birkaç yıl sonra,
											aile Şam'dan kaçıp komşu ülke 
Ürdün'e gelmişti.
											Babaları Ürdün'de iş bulmakta 
problem yaşıyor,
											Mouaz da eğitimine devam edemiyordu,
											sonunda dedi ki: ""Aileme yardım 
etmek için yapabileceğim
											en iyi şey eğitimimi tamamlayabileceğim 
bir yere gidip
											iş bulmak.""
											Böylece Türkiye'ye gitti.
									","
											Ein paar Jahre nach Ausbruch des Krieges
											floh die Familie aus Damaskus
ins Nachbarland Jordanien.
											Ihr Vater hatte Probleme,
dort Arbeit zu finden
											und Mouaz konnte nicht weiterstudieren,
											also dachte er: ""OK, am besten
kann ich meiner Familie helfen,
											wenn ich irgendwohin gehe,
wo ich zu Ende studieren
											und Arbeit finden kann.""
											Also ging er in die Türkei.
									",Two nameless bodies washed up on the beach. Here are their stories,Anders Fjellberg,14:41,"Europe,Middle East,death,global issues,identity,journalism,war,Syria"
"
","
","
","
",Two nameless bodies washed up on the beach. Here are their stories,Anders Fjellberg,14:41,"Europe,Middle East,death,global issues,identity,journalism,war,Syria"
"
											In Turkey, he's not accepted
at a university,
											and once he had left Jordan as a refugee,
he was not allowed to reenter.
											So then he decides to head for the UK,
											where his uncle lives.
											He makes it into Algeria,
walks into Libya,
											pays a people smuggler to help him
with the crossing into Italy by boat,
											and from there on he heads to Dunkirk,
											the city right next to Calais
by the English Channel.
											We know he made at least 12 failed
attempts to cross the English Channel
											by hiding in a truck.
											But at some point,
he must have given up all hope.
											The last night we know he was alive,
											he spent at a cheap hotel
close to the train station in Dunkirk.
											We found his name in the records,
and he seems to have stayed there alone.
											The day after, he went into Calais,
entered a sports shop
											a couple of minutes
before 8 o'clock in the evening,
											along with Shadi Kataf.
											They both bought wetsuits,
											and the woman in the shop
											was the last person we know of
to have seen them alive.
											We have tried to figure out
where Shadi met Mouaz,
											but we weren't able to do that.
											But they do have a similar story.
											We first heard about Shadi
after a cousin of his, living in Germany,
											had read an Arabic translation
of the story made of Mouaz on Facebook.
											So we got in touch with him.
											Shadi, a couple of years older than Mouaz,
											was also raised in Damascus.
											He was a working kind of guy.
											He ran a tire repair shop
and later worked in a printing company.
											He lived with his extended family,
											but their house got bombed
early in the war.
											So the family fled to an area
of Damascus known as Camp Yarmouk.
									","
											En Turquía, no le aceptaron
en ninguna universidad
											y al haberse ido Jordania como refugiado
no podía volver a entrar al país.
											Entonces, decidió irse al Reino Unido,
											donde vivía su tío.
											Consigue llegar a Argelia,
camina hasta Libia,
											paga a un traficante de personas
para poder llegar en barco a Italia
											y, desde allí, se dirige a Dunkerque,
											una ciudad que está al lado de Calais,
en el canal de la Mancha.
											Sabemos que intentó cruzar
sin éxito el canal hasta 12 veces
											escondiéndose en un camión.
											En algún momento,
tuvo que perder toda fe.
											La última noche que estuvo vivo,
											se hospedó en un hotel barato
cerca de la estación de tren de Dunkirk.
											Vimos su nombre en el registro. 
Parece que se hospedó allí solo.
											Al día siguiente, se fue a Calais,
entró en una tienda de deportes
											un par de minutos
antes de las 8 de la tarde,
											junto con Shadi Kataf.
											Ambos compraron trajes de buzo
											y la mujer de la tienda
											fue la última persona
que sabemos los vio con vida.
											Intentamos averiguar dónde
se conocieron Shadi y Mouaz,
											pero no pudimos lograrlo.
											Los dos tienen una historia similar.
											Nos enteramos de quién era Shadi
cuando su primo, que vive en Alemania,
											leyó la traducción al árabe 
de la historia de Mouaz en Facebook.
											Contactamos con él.
											Shadi, un par de años mayor que Mouaz,
											también se crió en Damasco.
											Era un hombre trabajador.
											Montó una tienda de neumáticos
y trabajó en una empresa de edición.
											Vivía con su numerosa familia,
											pero bombardearon su casa 
cuando empezó la guerra.
											Huyeron hasta Damasco,
a una zona llamada Campo Yarmouk.
									","
											Türkiye'de üniversiteye kabul edilmedi.
											Ürdün'ü mülteci olarak terk ettiği 
anda geri girmesi yasaktı.
											O da amcasının yaşadığı İngiltere'ye 
gitmeye karar verdi.
											Cezayir'e gidiyor, Libya'ya yürüyor,
											insan kaçakçısına İtalya'ya botla 
geçirmesi için ödeme yapıyor,
											ve ordan da Dunkirk'e geliyor,
											İngiliz Manş'ında Calais'nin 
tam yanındaki şehir.
											İngiliz kanalını geçmek için 
kamyonda saklanarak
											en az 12 başarısız girişimde 
bulunduğunu biliyoruz.
											Ama bir noktadan sonra pes etmiş olmalı.
											Hayatta olduğunu bildiğimiz son gecesini
											Dunkirk tren istasyonunun 
yakınındaki ucuz bir otelde geçirdi.
											İsmini kayıtlarda bulduk, 
orada tek başına kalmış görünüyor.
											Ertesi gün, Calais'ye gitti,
											saat akşam 8'den birkaç dakika 
önce bir spor mağazasına girdi,
											yanında da Sahdi Kataf vardı.
											Birlikte dalgıç kıyafetleri satın aldılar.
											Mağazadaki kadın
											onları canlı gören bizim 
bildiğimiz en son kişiydi.
											Shadi'nin Mouaz'la nerede 
karşılaştığını anlamaya çalıştık,
											ama başarılı olamadık.
											Ama hikayeleri birbirine benziyor.
											Shadi'nin adını ilk kez, 
Almanya'da yaşayan kuzeni
											Mouaz'ın hikayesinin Arapça tercümesini 
Facebook'ta okuduktan sonra duyduk.
											Biz de onunla iletişime geçtik.
											Mouaz'dan birkaç yaş büyük Shadi de
											Şam'da büyümüştü.
											Tam bir çalışma adamdı.
											Lastik tamir dükkanı işletmiş, 
sonra da bir baskı şirketinde çalışmıştı.
											Geniş ailesiyle yaşıyordu,
											fakat savaşın başlarında evleri 
bombalanmıştı.
											Böylece aile Şam'ın Yermuk kampı 
diye bilinen bölgesine kaçtı.
									","
											Dort wurde er nicht
an der Universität angenommen,
											aber weil er Jordanien als Flüchtling
verlassen hatte, durfte er nicht zurück.
											Also entschloss er sich,
England anzusteuern,
											wo sein Onkel lebt.
											Er schafft es nach Algerien,
läuft nach Libyen,
											bezahlt einen Menschenschmuggler, ihm
beim Übersetzen nach Italien zu helfen,
											und reist von dort nach Dünkirchen,
											die Stadt gleich neben Calais
am Ärmelkanal.
											Er unternahm mindestens 12
vergebliche Versuche,
											den Ärmelkanal in Lastwagen
zu überqueren.
											Aber irgendwann hat er wohl
alle Hoffnung aufgegeben.
											Die letzte Nacht, die er am Leben war,
											verbrachte er in einem billigen Hotel
in der Nähe des Bahnhofs von Dünkirchen.
											Wir fanden seinen Namen im Register
und offenbar war er alleine da.
											Am nächsten Tag ging er nach Calais
und betrat gemeinsam mit Shadi Kataf
											um kurz vor acht Uhr am Abend
											ein Sportartikelgeschäft.
											Sie beide kauften Taucheranzüge,
											und die Frau im Laden war
die letzte Person,
											die sie lebend gesehen hat.
											Wir versuchten herauszufinden,
wo Shadi Mouaz getroffen hat,
											aber das haben wir nicht geschafft.
											Sie haben aber ähnliche Geschichten.
											Wir hörten zuerst von Shadi,
nachdem sein Cousin aus Deutschland
											die arabische Übersetzung von Mouaz'
Geschichte auf Facebook gelesen hatte.
											Wir nahmen Kontakt zu ihm auf.
											Shadi war ein paar Jahre älter als Mouaz.
											Er wuchs ebenfalls in Damaskus auf.
											Er war ein Typ, der anpackt.
											Er betrieb eine Reifenwerkstatt und
arbeitete dann in einer Druckerei.
											Er lebte in einer Großfamilie,
											aber ihr Haus wurde
schon früh im Krieg zerbombt.
											Also floh die Familie in einen Stadtteil,
der als Camp Yarmouk bekannt ist.
									",Two nameless bodies washed up on the beach. Here are their stories,Anders Fjellberg,14:41,"Europe,Middle East,death,global issues,identity,journalism,war,Syria"
"
","
","
","
",Two nameless bodies washed up on the beach. Here are their stories,Anders Fjellberg,14:41,"Europe,Middle East,death,global issues,identity,journalism,war,Syria"
"
											Yarmouk is being described
as the worst place to live
											on planet Earth.
											They've been bombed by the military,
they've been besieged,
											they've been stormed by ISIS
											and they've been cut off
from supplies for years.
											There was a UN official
who visited last year,
											and he said, ""They ate all the grass
so there was no grass left.""
											Out of a population of 150,000,
											only 18,000 are believed
to still be left in Yarmouk.
											Shadi and his sisters got out.
											The parents are still stuck inside.
									","
											Yarmouk es descrito como
el peor sitio para vivir
											de todo el planeta.
											Les ha bombardeado el ejército,
les han asediado,
											les ha atacado el ISIS
											y, durante años, se les ha
interrumpido el suministro.
											Un oficial de la ONU fue el año pasado
											y dijo: ""Se han comido todo
el césped y ya no queda nada"".
											De una población de 150 000,
											al parecer, solo 18 000 personas
siguen viviendo en Yarmouk.
											Shadi y sus hermanas escaparon.
											Sus padres aún siguen atrapados allí.
									","
											Yermuk Dünya'da yaşanacak en kötü yer
											olarak tarif ediliyor.
											Ordu tarafından bombalandılar, 
etrafları kuşatıldı,
											ISIS tarafından baskına uğradılar,
											ve 1 yıl boyunca erzaklardan 
mahrum bırakıldılar.
											Geçen sene orayı ziyaret eden 
bir BM yetkilisi dedi ki:
											""Hiç çimen kalmayana kadar 
bütün çimi yemişlerdi.""
											150 binlik nüfusun
											sadece 18 bininin hâlâ 
Yermuk'ta kaldığı sanılıyor.
											Shadi ve kız kardeşleri orayı terk ettiler
											Ebeveynleri ise hâlâ orada 
saplanıp kalmışlar.
									","
											Yarmouk wird als der schlimmste Ort
auf dem Welt bezeichnet,
											an dem man leben kann.
											Sie wurden vom Militär bombardiert,
sie wurden belagert,
											vom IS gestürmt
											und jahrelang von Proviant abgeschnitten.
											Letztes Jahr kam ein UN-Beamter zu Besuch
											und sagte: ""Sie hatten alles Gras
gegessen, es gab kein Gras mehr.""
											Von 150 000 Menschen
											sind wahrscheinlich nur 18 000
in Yarmouk übrig geblieben.
											Shadi und seine Schwestern sind da weg.
											Die Eltern stecken noch drin fest.
									",Two nameless bodies washed up on the beach. Here are their stories,Anders Fjellberg,14:41,"Europe,Middle East,death,global issues,identity,journalism,war,Syria"
"
","
","
","
",Two nameless bodies washed up on the beach. Here are their stories,Anders Fjellberg,14:41,"Europe,Middle East,death,global issues,identity,journalism,war,Syria"
"
											So Shadi and one of his sisters,
they fled to Libya.
											This was after the fall of Gaddafi,
											but before Libya turned
into full-blown civil war.
											And in this last remaining
sort of stability in Libya,
											Shadi took up scuba diving, and he seemed
to spend most of his time underwater.
											He fell completely in love with the ocean,
											so when he finally decided
that he could no longer be in Libya,
											late August 2014,
											he hoped to find work
as a diver when he reached Italy.
											Reality was not that easy.
											We don't know much about his travels
											because he had a hard time
communicating with his family,
											but we do know that he struggled.
											And by the end of September,
											he was living on the streets
somewhere in France.
											On October 7, he calls
his cousin in Belgium,
											and explains his situation.
											He said, ""I'm in Calais. I need you
to come get my backpack and my laptop.
											I can't afford to pay the people smugglers
to help me with the crossing to Britain,
											but I will go buy a wetsuit
and I will swim.""
											His cousin, of course,
tried to warn him not to,
											but Shadi's battery
on the phone went flat,
											and his phone was never switched on again.
											What was left of Shadi
was found nearly three months later,
											800 kilometers away
											in a wetsuit on a beach in Norway.
											He's still waiting
for his funeral in Norway,
											and none of his family
will be able to attend.
									","
											Shadi y una hermana suya huyeron a Libia.
											Fue después de la caída de Gaddafi,
											pero antes de que en Libia 
estallara una guerra civil.
											Justo en ese último período
de estabilidad en Libia,
											Shadi empezó a bucear y
pasó sus días bajo el agua.
											Se enamoró del océano.
											Cuando decidió que no podía
quedarse más tiempo en Libia,
											a finales de agosto de 2014,
											esperaba encontrar trabajo
de buceador una vez en Italia.
											La realidad no fue tan fácil.
											No averiguamos mucho de sus viajes
											porque nos costó ponernos
en contacto con su familia.
											Lo que sí sabemos es que luchó.
											A finales de septiembre,
											vivía en las calles 
de algún lugar de Francia.
											El 7 de octubre llamó
a su primo de Bélgica
											y le contó su situación.
											Le dijo: ""Estoy en Calais. Necesito que
vengas a por mi mochila y mi computadora.
											No puedo pagar a los contrabandistas
para poder cruzar hasta Gran Bretaña,
											pero voy a cruzar a nado
con una traje de buzo"".
											Su primo, claro está, intentó disuadirle,
											el móvil de Shadi se quedó sin batería
											y nunca más se volvió a encender.
											Lo que quedó de Shadi
lo encontraron 3 meses después,
											a 800 kilómetros,
											en una playa de Noruega
con un traje de buzo.
											Aún está esperando su funeral en Noruega
											y nadie de su familia podrá asistir.
									","
											Shadi ve kız kardeşlerinden biri 
Libya'ya kaçtılar.
											Bu Kaddafi'nin düşüşünden sonraydı,
											ama Libya tam bir iç savaşa 
dönüşmeden önceydi.
											Ve Libya'nın bu kalan son 
istikrarlı anlarında,
											Shadi dalış dersleri aldı ve 
zamanının çoğunu sualtında geçirdi.
											Okyanusa bütünüyle aşık olmuştu.
											Ağustos 2014'ün sonlarına doğru
											artık Libya'da kalamayacağına karar verdi,
											arzusu İtalya'ya vardığında, 
orda dalgıç olarak iş bulmaktı.
											Ama gerçekler o kadar kolay değildi.
											Yolculuğu hakkında pek bir şey bilmiyoruz,
											çünkü ailesiyle iletişim 
kurmakta zorluklar yaşamıştı,
											ama çabaladığını biliyoruz.
											Eylülün sonlarına doğru,
											Fransa'da bir yerlerde 
sokaklarda yaşıyordu.
											7 ekimde Belçika'daki kuzenini arayıp
											kendi durumunu anlattı.
											Dedi ki: ""Calais'deyim. Sırt çantamı ve 
laptopumu buraya getirmene ihtiyacım var.
											İngiltere'ye geçmek için insan 
kaçakçılarına ödeyecek kadar param yok,
											ama bir dalgıç kıyafeti satın alıp 
yüzeceğim.""
											Kuzeni tabii onu yapmaması için 
uyarmaya çalıştı,
											ama Shadi'nin telefonunun şarjı bitti,
											ve telefonu bir daha hiç geri açılmadı.
											Shadi'den kalanlar yaklaşık 
3 ay sonra bulundu,
											800 kilometre ötede,
											Norveç'in bir sahilinde, 
bir dalgıç kıyafeti içinde.
											Hâlâ cenazesi için Norveç'te bekliyor,
											ama ailesinden hiç kimse katılamayacak.
									","
											Shadi und eine seiner Schwestern
flohen nach Libyen.
											Das war nach Gaddafis Sturz,
											aber noch bevor in Libyen
der Bürgerkrieg ausbrach.
											Und in dieser letzten
verbliebenen Stabilität in Libyen
											fing Shadi zu tauchen an und schien die
meiste Zeit unter Wasser zu verbringen.
											Er verliebte sich völlig in den Ozean,
											und als er letztlich nicht mehr
länger in Libyen bleiben konnte,
											das war Ende August 2014,
											hoffte er, als Taucher
in Italien Arbeit zu finden.
											In Wirklichkeit war das nicht so einfach.
											Wir wissen nicht viel von seinen Reisen,
											denn er konnte kaum
mit seiner Familie kommunizieren.
											Wir wissen, dass es schwer für ihn war.
											Ende September lebte er
											irgendwo in Frankreich auf der Straße.
											Am 7. Oktober ruft er
seinen Cousin in Belgien an
											und erklärt ihm seine Situation.
											Er sagte: ""Ich bin in Calais. Komm und hol
meinen Rucksack und meinen Laptop.
											Ich kann die Schleuser nicht bezahlen,
um nach Großbritannien zu kommen.
											Ich kaufe einen Taucheranzug
und schwimme.""
											Sein Cousin versuchte natürlich,
ihn zu warnen,
											aber Shadis Handyakku war leer
											und sein Telefon wurde
nie wieder angeschaltet.
											Was von Shadi übrigblieb,
wurde fast drei Monate später,
											800 Kilometer weit weg
											in einem Tacheranzug in Norwegen gefunden.
											Er wartet noch auf
seine Beerdigung in Norwegen
											und niemand aus seiner Familie
kann dabei sein.
									",Two nameless bodies washed up on the beach. Here are their stories,Anders Fjellberg,14:41,"Europe,Middle East,death,global issues,identity,journalism,war,Syria"
"
","
","
","
",Two nameless bodies washed up on the beach. Here are their stories,Anders Fjellberg,14:41,"Europe,Middle East,death,global issues,identity,journalism,war,Syria"
"
											Many may think that the story
about Shadi and Mouaz
											is a story about death,
											but I don't agree.
											To me, this is a story about two questions
that I think we all share:
											what is a better life,
											and what am I willing to do to achieve it?
											And to me, and probably a lot of you,
											a better life would mean
											being able to do more
of what we think of as meaningful,
											whether that be spending more time
with your family and friends,
											travel to an exotic place,
											or just getting money
to buy that cool new device
											or a pair of new sneakers.
											And this is all
within our reach pretty easily.
									","
											Muchos pensarán que la
historia de Shadi y Mouaz
											es una historia sobre la muerte.
											Yo no estoy de acuerdo.
											Para mí, es una historia sobre dos 
preguntas que todos nos hacemos:
											¿Qué es una vida mejor?
											¿Qué estoy dispuesto a hace para tenerla?
											Para mí, y para la mayoría de Uds.,
											una vida mejor sería
											poder tener más tiempo para
lo que creemos es significativo,
											ya sea pasar más tiempo 
con la familia y los amigos,
											viajar a un lugar exótico,
											tener dinero para comprar
lo último en tecnología
											o las zapatillas de moda.
											Todo esto lo podemos 
tener fácilmente,
									","
											Çoğu kişi Shadi ve Mouaz'ın hikayesinin
											ölüm hakkında olduğunu düşünebilir,
											ama ben katılmıyorum.
											Bana göre, bu hepimizin paylaştığını 
düşündüğüm 2 sorunun hikayesi:
											""Daha iyi hayat nedir?""
											""Buna ulaşmak için ne yapmaya razıyım?""
											Bana ve muhtemelen çoğunuza göre,
											daha iyi bir hayat
											anlamlı olduğunu düşündüğümüz 
şeyi daha fazla yapabilmektir.
											Bu aileniz ve arkadaşlarınızla 
daha fazla zaman geçirmek olabilir,
											egzotik bir seyahat olabilir,
											o yeni cihazı almak ya da yeni bir 
çift ayakkabı almak için
											daha fazla para kazanmak olabilir.
											Biz bunların hepsine kolayca 
ulaşabilecek durumdayız.
									","
											Sie mögen denken,
dass Shadis und Mouaz' Geschichte
											eine Geschichte über den Tod ist,
											aber ich sehe das anders.
											Für mich wirft diese Geschichte zwei
Fragen auf, die wir uns alle stellen:
											Was ist ein besseres Leben?
											Was würde ich tun, um es zu erreichen?
											Für mich und wahrscheinlich viele
											würde ein besseres Leben heißen,
											mehr von dem zu tun,
was wir für bedeutsam halten,
											ob das heißt, mehr Zeit mit
Familie und Freunden zu verbringen,
											exotische Orte zu bereisen,
											oder Geld zu haben, um sich
ein cooles neues Gerät
											oder neue Turnschuhe zu kaufen.
											Und das alles ist für uns
in greifbarer Nähe.
									",Two nameless bodies washed up on the beach. Here are their stories,Anders Fjellberg,14:41,"Europe,Middle East,death,global issues,identity,journalism,war,Syria"
"
","
","
","
",Two nameless bodies washed up on the beach. Here are their stories,Anders Fjellberg,14:41,"Europe,Middle East,death,global issues,identity,journalism,war,Syria"
"
											But if you are fleeing a war zone,
											the answers to those two questions
are dramatically different.
											A better life is a life in safety.
											It's a life in dignity.
											A better life means
not having your house bombed,
											not fearing being kidnapped.
											It means being able
to send your children to school,
											go to university,
											or just find work to be able to provide
for yourself and the ones you love.
											A better life would be
a future of some possibilities
											compared to nearly none,
											and that's a strong motivation.
											And I have no trouble imagining
											that after spending weeks or even months
											as a second-grade citizen,
											living on the streets
or in a horrible makeshift camp
											with a stupid, racist name
like ""The Jungle,""
											most of us would be willing
to do just about anything.
											If I could ask Shadi and Mouaz
											the second they stepped into the freezing
waters of the English Channel,
											they would probably say,
""This is worth the risk,""
											because they could
no longer see any other option.
											And that's desperation,
											but that's the reality of living
as a refugee in Western Europe in 2015.
									","
											pero si huyes de una zona de guerra,
											las respuestas a esas preguntas
son dramáticamente distintas.
											Una vida mejor es una vida a salvo.
											Es una vida digna.
											Una vida mejor significa
que no bombardeen tu casa,
											no temer que puedan capturarte.
											Significa poder enviar
a tus hijos a la escuela,
											ir a la universidad
											o encontrar un trabajo para
mantenerte a ti y a los tuyos.
											Una vida mejor sería un 
futuro con ciertas posibilidades
											en comparación con ninguna.
											Y eso es una motivación muy grande.
											Me es fácil imaginar
											que, después de pasar semanas y meses,
											como un ciudadano de segunda clase,
											viviendo en la calle o
en un campamento improvisado
											con un nombre racista y
malsonante como ""La jungla"",
											la mayoría de nosotros haría lo que fuera.
											Si pudiera preguntarles a Shadi o Mouaz,
											justo en el momento en que se hundieron
en las aguas heladas del canal,
											seguramente me dirían: 
""Vale la pena arriesgarse"".
											Ya no veían que les quedara otra opción.
											Eso es desesperación.
											Y esa es la realidad de ser un refugiado
en la Europa Occidental de 2015.
									","
											Ama bir savaş bölgesinden kaçmışsanız,
											bu 2 sorunun cevabı dramatik 
bir şekilde farklıdır.
											Daha iyi hayat emniyetli bir hayattır.
											Haysiyetli bir hayattır.
											Daha iyi hayat evinizin bombalanmamasıdır,
											kaçırılmaktan korkmamaktır.
											Çocuklarınızı okula yollayabilmek, 
üniversiteye gidebilmektir.
											Sevdikleriniz ve kendinizin ihtiyaçlarını 
karşılayabilmek için iş bulmaktır.
											Daha iyi hayat, hiç olmamasındansa
											az olanaklı bir gelecektir.
											Ve bu çok güçlü bir güdü.
											Gözümde canlandırmakta zorlanmıyorum,
											haftalarca, aylarca
											ikinci sınıf bir vatandaş olarak
											sokaklarda ya da ""Orman"" gibi 
aptalca ve ırkçı bir adı olan
											korkunç, derme çatma bir kampta yaşasak,
											bir çoğumuz her şeyi yapmaya razı olurdu.
											İngiliz Kanalı'nın dondurucu 
sularına adım attıkları anda
											Shadi ve Mouaz'a sorabilseydim,
											büyük ihtimalle ""Bu riske değer"" derlerdi,
											çünkü artık başka yol bulamıyorlardı.
											Bunun adı çaresizliktir,
											ama 2015 Doğu Avrupası'nda 
mülteci olarak yaşamanın gerçeği bu.
									","
											Wenn man aus einem Kriegsgebiet flieht,
											sind die Antworten auf
diese beiden Fragen ganz anders.
											Ein besseres Leben
ist ein Leben in Sicherheit.
											Es ist ein Leben in Würde.
											Es heißt, dass einem nicht
das Haus zerbombt wird,
											dass man nicht entführt wird.
											Es heißt, seine Kinder
zur Schule zu schicken,
											zur Uni zu gehen,
											oder einfach nur Arbeit zu finden, um
für sich und seine Lieben zu sorgen.
											Ein besseres Leben wäre eine Zukunft
mit einigen Möglichkeiten,
											verglichen mit fast keinen,
											und das ist eine starke Motivation.
											Ich kann mir gut vorstellen,
											dass man nach Wochen oder sogar Monaten
											als Bürger zweiter Klasse,
											in denen man auf der Straße oder einer
furchtbaren Notunterkunft gelebt hat,
											die einen dummen, rassistischen Namen
wie ""Der Dschungel"" hat,
											die meisten von uns
zu so ziemlich allem bereit wären.
											Wenn ich Shadi und Mouaz fragen könnte,
											in dem Moment, in dem sie in das
eiskalte Wasser des Ärmelkanals stiegen,
											würden sie wahrscheinlich sagen:
""Das ist das Risiko wert"",
											denn sie konnten keine
andere Möglichkeit mehr sehen.
											Das ist Verzweiflung,
											aber das ist die Wirklichkeit des Lebens
als Flüchtling 2015 in Westeuropa.
									",Two nameless bodies washed up on the beach. Here are their stories,Anders Fjellberg,14:41,"Europe,Middle East,death,global issues,identity,journalism,war,Syria"
"
","
","
","
",Two nameless bodies washed up on the beach. Here are their stories,Anders Fjellberg,14:41,"Europe,Middle East,death,global issues,identity,journalism,war,Syria"
"
											Thank you.
									","
											Gracias.
									","
											Teşekkürler.
									","
											Danke.
									",Two nameless bodies washed up on the beach. Here are their stories,Anders Fjellberg,14:41,"Europe,Middle East,death,global issues,identity,journalism,war,Syria"
"
","
","
","
",Two nameless bodies washed up on the beach. Here are their stories,Anders Fjellberg,14:41,"Europe,Middle East,death,global issues,identity,journalism,war,Syria"
"
											(Applause)
									","
											(Aplausos)
									","
											(Alkış)
									","
											(Applaus)
									",Two nameless bodies washed up on the beach. Here are their stories,Anders Fjellberg,14:41,"Europe,Middle East,death,global issues,identity,journalism,war,Syria"
"
","
","
","
",Two nameless bodies washed up on the beach. Here are their stories,Anders Fjellberg,14:41,"Europe,Middle East,death,global issues,identity,journalism,war,Syria"
"
											Bruno Giussani: Thank you, Anders.
											This is Tomm Christiansen,
											who took most of the pictures you have
seen and they've done reporting together.
											Tomm, you two have been
back to Calais recently.
											This was the third trip.
											It was after the publication
of the article.
											What has changed?
What have you seen there?
									","
											Bruno Giussani: Gracias, Anders.
											Este es Tomm Christiansen,
											el fotógrafo que tomó las fotos
que habéis visto trabajando juntos.
											Tomm, los dos habéis estado
en Calais hace poco.
											Fue el tercer viaje.
											Después de la publicación del artículo.
											¿Qué ha cambiado?
¿Qué habéis visto allí?
									","
											Bruno Giussani: Teşekkürler, Anders.
											Bu Tomm Christiansen,

											gördüğünüz fotoğrafların çoğunu o çekti
											ve araştırmayı beraber yaptılar.
											Tomm, yakın zamanda Calais'deydin.
											Bu üçüncü gidişindi.
											Makalenin yayınlanmasından sonraydı.
											Ne değişmişti? Orada ne gördün?
									","
											Bruno Giussani: Danke, Anders.
											Das ist Tomm Christiansen,
											der die gezeigten Fotos gemacht hat.
Sie haben zusammen recherchiert.
											Tomm, Du warst vor Kurzem
noch einmal in Calais.
											Das war die dritte Reise.
											Das war nach dem Erscheinen des Artikels.
											Was hat sich geändert? Was hat du gesehen?
									",Two nameless bodies washed up on the beach. Here are their stories,Anders Fjellberg,14:41,"Europe,Middle East,death,global issues,identity,journalism,war,Syria"
"
","
","
","
",Two nameless bodies washed up on the beach. Here are their stories,Anders Fjellberg,14:41,"Europe,Middle East,death,global issues,identity,journalism,war,Syria"
"
											Tomm Christiansen:
The first time we were in Calais,
											it was about 1,500 refugees there.
											They had a difficult time,
but they were positive, they had hope.
											The last time, the camp has grown,
maybe four or five thousand people.
											It seemed more permanent,
NGOs have arrived,
											a small school has opened.
											But the thing is that the refugees
have stayed for a longer time,
											and the French government has managed
to seal off the borders better,
											so now The Jungle is growing,
											along with the despair
and hopelessness among the refugees.
									","
											Tomm Christiansen:
La primera vez que fuimos a Calais,
											habían unos 1.500 refugiados.
											Lo estaban pasando mal,
pero eran optimistas, tenían esperanza.
											La última vez, el campamento había crecido
hasta unas 4.000 o 5.000 personas.
											Parecía estar más asentado,
habían llegado ONGs,
											se había abierto una escuela.
											Lo cierto es que los refugiados
se han quedado más tiempo,
											y el gobierno francés ha logrado
acordonar las fronteras mejor,
											por eso La jungla esta creciendo,
											y también la desesperación
y la desesperanza de los refugiados.
									","
											Tomm Christiansen: 
Calais'ye ilk gidişimizde,
											orda yaklaşık 1.500 mülteci vardı.
											Zor zamanlar geçiriyorlardı, 
ama pozitiflerdi, umutları vardı.
											Son gidişimde kamp büyümüştü, 
belki 4-5 bin kişi vardı.
											Daha kalıcı görünüyordu, STK'lar gelmişti,
											küçük bir okul açılmıştı.
											Fakat mülteciler uzun zamandır 
kaldıkları için,
											Fransız hükümeti sınırları daha iyi 
kapatmanın yollarını bulmuştu.
											Yani artık mültecilerdeki çaresizlik ve 
umutsuzlukla birlikte,
											Orman büyüyor.
									","
											Christiansen: Bei unserem
ersten Besuch in Calais
											gab es etwa 1 500 Flüchtlinge.
											Es war schwer für sie, aber sie waren
zuversichtlich, hatten Hoffnung.
											Beim letzten Mal war das Camp größer,
vielleicht 4 000 - 5 000 Menschen.
											Es schien dauerhafter, 
NGOs haben sich eingerichtet,
											eine kleine Schule hat aufgemacht.
											Aber das Problem ist,
dass die Flüchtlinge länger da waren,
											und die französische Regierung
die Grenzen besser abgesichert hat.
											Jetzt wächst der ""Dschungel"",
											zusammen mit der Verzweiflung und
Hoffnungslosigkeit unter den Flüchtlingen.
									",Two nameless bodies washed up on the beach. Here are their stories,Anders Fjellberg,14:41,"Europe,Middle East,death,global issues,identity,journalism,war,Syria"
"
","
","
","
",Two nameless bodies washed up on the beach. Here are their stories,Anders Fjellberg,14:41,"Europe,Middle East,death,global issues,identity,journalism,war,Syria"
"
											BG: Are you planning to go back?
And continue the reporting?
									","
											BG: ¿Pensáis volver y continuar
denunciando la situación?
									","
											BG: Geri dönüp ve araştırmaya 
devam etmeyi düşünüyor musun?
									","
											BG: Planst du, zurückzugehen?
Und weiterhin zu berichten?
									",Two nameless bodies washed up on the beach. Here are their stories,Anders Fjellberg,14:41,"Europe,Middle East,death,global issues,identity,journalism,war,Syria"
"
","
","
","
",Two nameless bodies washed up on the beach. Here are their stories,Anders Fjellberg,14:41,"Europe,Middle East,death,global issues,identity,journalism,war,Syria"
"
											TC: Yes.
									","
											TC: Sí.
									","
											TC: Evet.
									","
											TC: Ja.
									",Two nameless bodies washed up on the beach. Here are their stories,Anders Fjellberg,14:41,"Europe,Middle East,death,global issues,identity,journalism,war,Syria"
"
","
","
","
",Two nameless bodies washed up on the beach. Here are their stories,Anders Fjellberg,14:41,"Europe,Middle East,death,global issues,identity,journalism,war,Syria"
"
											BG: Anders, I'm a former journalist,
											and to me, it's amazing
that in the current climate
											of slashing budgets
and publishers in crisis,
											Dagbladet has consented
so many resources for this story,
											which tells a lot about newspapers
taking the responsibility,
											but how did you sell it to your editors?
									","
											BG: Anders, yo antes era periodista,
											y me parece increíble que en este clima de
											salarios recortados y editores en crisis,
											Dagbladet ha proporcionado
muchos recursos para esta historia,
											lo que sugiere que los periódicos
están tomando las riendas,
											¿cómo la vendísteis a vuestros editores?
									","
											BG: Anders, ben eski bir gazeteciyim,
											ve bana göre günümüzün
											bütçe kesintileri ve yayınevi 
krizleri ortamında,
											Dagbladet'in bu hikayeye bu kadar 
kaynak ayırmış olması muhteşem,
											bu tablo sorumluluk alan gazeteler 
hakkında çok şey anlatıyor,
											fakat siz bu hikayeyi editörlerinize 
nasıl sattınız?
									","
											BG: Anders, ich war früher Journalist
											und ich finde es bemerkenswert,
											dass in Zeiten von Budgetkürzungen
und Verlagskrisen
											das Dagbladet so viele Mittel für
diese Geschichte bereitgestellt hat,
											was viel über Zeitungen sagt,
die Verantwortung übernehmen,
											aber wie hast du das geschafft?
									",Two nameless bodies washed up on the beach. Here are their stories,Anders Fjellberg,14:41,"Europe,Middle East,death,global issues,identity,journalism,war,Syria"
"
","
","
","
",Two nameless bodies washed up on the beach. Here are their stories,Anders Fjellberg,14:41,"Europe,Middle East,death,global issues,identity,journalism,war,Syria"
"
											Anders Fjellberg: It wasn't easy at first,
											because we weren't able to know
what we actually could figure out.
											As soon as it became clear
											that we actually could be able
to identify who the first one was,
											we basically got the message
that we could do whatever we wanted,
											just travel wherever you need to go,
do whatever you need to do,
											just get this done.
									","
											Anders Fjellberg: Al principio fue difícil
											porque no podíamos saber
lo que íbamos a averiguar.
											Cuando nos enteramos
											de que podíamos identificar 
quién era el primer cadáver,
											recibimos el mensaje de que
podíamos hacer lo que quisiéramos,
											viajar adónde necesitáramos
y hacer lo que tuviéramos que hacer.
											Acabar el trabajo.
									","
											Anders Fjellberg: Başlangıçta 
kolay olmadı,
											çünkü neler keşfedebileceğimizi 
bilmiyorduk.
											İlk kişinin
											kim olduğunu tespit edebileceğimiz 
belli olduğu anda,
											istediğimizi yapabileceğimizin 
mesajını aldık,
											nereye gitmeniz gerekiyorsa gidin, 
ne gerekiyorsa yapın,
											yalnız bunu halledin.
									","
											Fjellberg: Anfangs war das nicht leicht,
											weil wir nicht wissen konnten,
was wir herausfinden würden.
											Sobald klar wurde,
											dass wir die Identität des ersten
herausfinden würden,
											bekamen wir die Nachricht:
Tut, was ihr wollt,
											reist, wohin auch immer ihr müsst
und tut, was ihr tun müsst,
											um das zu erledigen.
									",Two nameless bodies washed up on the beach. Here are their stories,Anders Fjellberg,14:41,"Europe,Middle East,death,global issues,identity,journalism,war,Syria"
"
","
","
","
",Two nameless bodies washed up on the beach. Here are their stories,Anders Fjellberg,14:41,"Europe,Middle East,death,global issues,identity,journalism,war,Syria"
"
											BG: That's an editor
taking responsibility.
											The story, by the way,
has been translated and published
											across several European countries,
and certainly will continue to do.
											And we want to read the updates from you.
Thank you Anders. Thank you Tomm.
									","
											BG: Eso es un editor
asumiendo la responsabilidad.
											Esta historia se ha traducido y publicado
											en varios países europeos 
y seguro se seguirá haciendo.
											Y todos queremos leer vuestras novedades. 
Gracias, Anders. Gracias, Tomm.
									","
											BG: İşte sorumluluk alan bir editör.
											Bu arada, hikaye çeşitli 
Avrupa ülkelerinde
											tercüme edilip yayınlandı
											ve kesinlikle yayınlanmaya 
devam edecek.
											Sizden son gelişmeleri okumak istiyoruz. 
Teşekkürler Anders. Teşekkürler Tomm.
									","
											BG: Das ist ein
verantwortungsvoller Redakteur.
											Die Geschichte wurde und wird
übrigens übersetzt und
											in mehreren europäischen
Ländern veröffentlicht.
											Wir wollen weiter eure Updates lesen.
Danke, Anders. Danke, Tomm.
									",Two nameless bodies washed up on the beach. Here are their stories,Anders Fjellberg,14:41,"Europe,Middle East,death,global issues,identity,journalism,war,Syria"
"
","
","
","
",Two nameless bodies washed up on the beach. Here are their stories,Anders Fjellberg,14:41,"Europe,Middle East,death,global issues,identity,journalism,war,Syria"
"
											(Applause)
									","
											(Aplausos)
									","
											(Alkış)
									","
											(Applaus)
									",Two nameless bodies washed up on the beach. Here are their stories,Anders Fjellberg,14:41,"Europe,Middle East,death,global issues,identity,journalism,war,Syria"
"
","
","
","
",Two nameless bodies washed up on the beach. Here are their stories,Anders Fjellberg,14:41,"Europe,Middle East,death,global issues,identity,journalism,war,Syria"
