en,es,pt,tr,fr,de,title,speaker,duration,tags
"
","
","
","
","
","
",A girl who demanded school,Kakenya Ntaiya,15:16,"Africa,TEDx,activism,education,feminism,women,global development"
"
											There's a group of people in Kenya.
											People cross oceans to go see them.
											These people are tall.
											They jump high. They wear red.
											And they kill lions.
											You might be wondering, who are these people?
											These are the Maasais.
											And you know what's cool? I'm actually one of them.
									","
											Hay un grupo de personas en Kenia.
											Las personas cruzan
océanos para verlos.
											Son personas altas.
											Saltan alto.
Usan prendas rojas.
											Y matan leones.
											Se preguntarán, ¿quiénes
son estas personas?
											Son los masái.
											¿Y saben qué es lo genial?
Yo soy una de ellos.
									","
											Há um grupo de pessoas no Quénia,
											há pessoas que atravessam 
oceanos para as irem ver.
											Essas pessoas são altas,
											saltam alto, vestem-se de vermelho
											e matam leões.
											Devem estar a pensar: 
Quem são estas pessoas?
											São os masais.
											Sabem o que é que é fantástico? 
Eu sou um deles.
									","
											Kenya'da bir grup insan var.
											Insanlar onları görmek için okyanuslar aşıyorlar.
											(Kenya' daki) Bu insanlar uzun boylu,
											yükseğe zıplıyorlar. Kırmızı giyiyorlar.
											Ve aslanları öldürüyorlar.
											Bu insanların kim olduklarını merak ediyor olmalısınız.
											Bunlar Maasailer.
											Ve harika olan ne biliyor musunuz, ben de onlardan biriyim.
									","
											Il y a un groupe de personnes au Kenya.
											Les gens traversent les océans pour les voir.
											Ils sont grands.
											Ils sautent haut. Ils portent des vêtements rouges.
											Et ils tuent des lions.
											Vous vous demandez peut-être, qui sont ces gens ?
											Ce sont les Maasaïs.
											Et vous savez ce qui est cool ? En fait, je suis l'une d'eux.
									","
											Es gibt eine Volksgruppe in Kenia.
											Menschen überqueren Meere, um sie zu sehen.
											Diese Menschen sind groß.
											Sie springen hoch. Sie tragen rote Kleidung.
											Und sie töten Löwen.
											Sie fragen sich vielleicht, 
wer diese Menschen sind?
											Das sind die Massai.
											Und wissen Sie, was cool ist? 
Ich bin eigentlich eine von ihnen.
									",A girl who demanded school,Kakenya Ntaiya,15:16,"Africa,TEDx,activism,education,feminism,women,global development"
"
","
","
","
","
","
",A girl who demanded school,Kakenya Ntaiya,15:16,"Africa,TEDx,activism,education,feminism,women,global development"
"
											The Maasais, the boys are brought up to be warriors.
											The girls are brought up to be mothers.
											When I was five years old,
											I found out that I was engaged
											to be married as soon as I reached puberty.
											My mother, my grandmother, my aunties,
											they constantly reminded me that
											your husband just passed by.
											(Laughter) Cool, yeah?
											And everything I had to do from that moment
											was to prepare me to be a perfect woman at age 12.
											My day started at 5 in the morning,
											milking the cows, sweeping the house,
											cooking for my siblings, collecting water, firewood.
											I did everything that I needed to do
											to become a perfect wife.
									","
											En la tribu masái, los niños
son criados para ser guerreros.
											Las niñas, para ser madres.
											Cuando tenía 5 años,
											me enteré de que estaba comprometida
											para casarme en cuanto
llegara a la pubertad.
											Mi madre, mi abuela, mis tías,
											me recordaban constantemente
											que mi marido acababa de pasar.
											(Risas) Genial, ¿no?
											Y todo lo que debía hacer
desde ese momento
											era prepararme para ser la mujer
perfecta a la edad de 12 años.
											Mi día comenzaba
a las 5 de la mañana,
											ordeñando las vacas,
barriendo la casa,
											cocinando para mis hermanos,
recolectando agua y leña.
											Hacía todo lo que
necesitaba hacer
											para convertirme en
la esposa perfecta.
									","
											Nos masais, os rapazes são 
criados para serem guerreiros.
											As raparigas são criadas para serem mães.
											Quando eu tinha cinco anos,
											descobri que estava noiva
											e ia casar quando atingisse a puberdade.
											A minha mãe, a minha avó, 
as minhas tias,
											estavam constantemente a recordar-me
											que o meu marido acabava
de passar por ali.
											(Risos)
											Fixe, não era?
											A partir daí, eu só precisava
de preparar-me
											para ser uma mulher perfeita aos 12 anos.
											O meu dia começava às 5 da manhã,
											a ordenhar as vacas, 
a varrer a casa,
											cozinhar para os meus irmãos, 
apanhar água, lenha.
											Fiz tudo o que precisava de fazer
											para me tornar na esposa perfeita.
									","
											Maasailerde erkek çocuklar savaşçı olmak için yetiştirilir.
											Kızlar ise anne olmak için.
											Beş yaşına geldiğimde,
											ergenliğe ulaştığımda evlenmek üzere
											nişanlı olduğumu öğrendim.
											Annem, büyükannem, teyzelerim
											sürekli kocamın etrafta olduğunu
											hatırlatır dururdu.
											(Kahkaha) Harika, değil mi?
											Ve o andan itibaren yaptığım herşey
											beni 12 yaşıma geldiğimde mükemmel bir kadın olmaya hazırlamak içindi.
											Günüm sabah saat 5'te başlıyordu.
											İnekleri sağardım, evi süpürürdüm,
											kardeşlerime yemek yapar, su taşır, ateşi yakardım.
											Mükemmel bir eş haline gelmek için
											yapmam gereken her şeyi yaptım.
									","
											[Chez] les Maasaïs, on élève les garçons à être guerriers.
											On élève les filles à être mères.
											Quand j'avais cinq ans,
											j'ai appris que j'étais fiancée
											pour être mariée à ma puberté.
											Ma mère, ma grand-mère, mes tantes,
											me rappelaient constamment que
											mon mari venait de passer.
											(Rires) Sympa, non ?
											Et tout ce que je devais faire à partir de ce moment
											c'était me préparer pour être une femme parfaite à l'âge de 12 ans.
											Mes journées commençaient à 5 heures du matin,
											pour traire les vaches, balayer la maison,
											cuisiner pour mes frères et sœurs, aller chercher de l'eau, du bois pour le feu.
											Je faisais tout ce qu'il fallait
											pour devenir une épouse parfaite.
									","
											Bei den Massai werden 
die Jungen zu Kriegern erzogen
											und die Mädchen zu Müttern.
											Im Alter von fünf Jahren
											fand ich heraus, dass ich verheiratet werde,
											sobald ich die Pubertät erreiche.
											Meine Mutter, meine Großmutter, meine Tanten
											erinnerten mich ständig daran:
											""Dein Ehemann ist gerade vorbeigegangen.""
											(Lachen) Cool, oder?
											Von diesem Moment an musste ich mich nur noch
											darauf vorbereiten, zu einer perfekten Frau
im Alter von 12 Jahren zu werden.
											Mein Tag fing um 5 Uhr morgens an,
											ich melkte die Kühe, kehrte das Haus,
											kochte für meine Geschwister, 
holte Wasser und sammelte Feuerholz.
											Ich tat alles, was man tun musste,
											um eine perfekte Ehefrau zu werden.
									",A girl who demanded school,Kakenya Ntaiya,15:16,"Africa,TEDx,activism,education,feminism,women,global development"
"
","
","
","
","
","
",A girl who demanded school,Kakenya Ntaiya,15:16,"Africa,TEDx,activism,education,feminism,women,global development"
"
											I went to school not because the Maasais'
											women or girls were going to school.
											It's because my mother was denied an education,
											and she constantly reminded me and my siblings that
											she never wanted us to live the life she was living.
											Why did she say that?
											My father worked as a policeman in the city.
											He came home once a year.
											We didn't see him for sometimes even two years.
											And whenever he came home, it was a different case.
											My mother worked hard in the farm
											to grow crops so that we can eat.
											She reared the cows and the goats
											so that she can care for us.
											But when my father came, he would sell the cows,
											he would sell the products we had,
											and he went and drank with his friends in the bars.
											Because my mother was a woman,
											she was not allowed to own any property,
											and by default, everything in my family anyway
											belongs to my father, so he had the right.
											And if my mother ever questioned him,
											he beat her, abused her, and really it was difficult.
									","
											Fui a la escuela, no porque
las niñas o mujeres masái
											fueran a la escuela.
											Fue porque a mi madre
se le negó la educación,
											y ella constantemente nos recordaba
a mis hermanos y a mí
											que ella no quería que viviéramos
la vida que ella llevaba.
											¿Por qué decía esto?
											Mi padre trabajaba
como policía en la ciudad.
											Volvía a casa una vez al año.
											A veces no lo veíamos
durante casi dos años.
											Y cuando volvía a casa,
siempre era un caso diferente.
											Mi madre trabajaba mucho en la granja
											cultivando la cosecha
para que pudiéramos comer.
											Ella criaba las vacas y las cabras
											para poder cuidarnos.
											Pero cuando mi padre volvía,
vendía las vacas,
											y los productos que teníamos,
											y se iba a beber con
sus amigos a los bares.
											Como mi madre era mujer,
											no se le permitía ser dueña
de ninguna propiedad,
											y por defecto,
todo en mi familia
											pertenecía a mi padre,
así que tenía ese derecho.
											Y si mi madre lo cuestionaba,
											él la golpeaba, abusaba de ella
y realmente era difícil.
									","
											Fui para a escola, não porque as mulheres
											e raparigas masais fossem para a escola.
											Foi porque não autorizaram
a minha mãe a estudar
											e ela lembrava-nos constantemente, 
a mim e às minhas irmãs
											que não queria que nós vivêssemos 
a vida que ela vivia.
											Porque é que ela dizia isso?
											O meu pai trabalhava 
como polícia, na cidade.
											Ele vinha a casa uma vez por ano.
											Nós não o víamos, 
às vezes, durante dois anos.
											Quando vinha a casa, 
era uma situação diferente.
											A minha mãe trabalhava duramente na quinta
											a cultivar alimentos para 
nos alimentarmos.
											Criava vacas e cabras
											por forma a criar-nos.
											Mas quando o meu pai vinha, 
ele vendia as vacas,
											vendia os produtos que tínhamos
											e ia para os bares beber com os amigos.
											Como a minha mãe era mulher,
											não lhe era permitido ter quaisquer bens
											e, por defeito, tudo na minha família
pertencia ao meu pai.
											Portanto, ele tinha esse direito.
											Se a minha mãe alguma vez o questionasse,
											ele batia-lhe, violentava-a
e era muito difícil.
									","
											Okula gittim, Maasai kadınları veya kızları
											okula gittiği için değil.
											Annemin eğitim hakkı elinden alındığı için
											ve bana ve kardeşlerime kendisininki gibi bir hayatımız
											olmasını istemediğini sürekli hatırlattığı için okula gittim.
											Peki bunu neden söylüyordu?
											Babam şehirde polis memuru olarak çalışırdı.
											Eve yılda bir kere gelirdi.
											Bazen onu iki sene görmediğimiz bile olurdu.
											Eve gelişiyse apayrı bir olaydı.
											Annem yiyeceğimiz için canla başla
											çiftlikte ekinlerle uğraşırdı.
											Bizi daha iyi büyütmek için ineklere ve
											keçilere bakardı.
											Ama babam geldiğinde ineklerimizi satardı,
											ürettiklerimizi satardı
											ve arkadaşlarıyla içmek için barlara giderdi.
											Annem kadın olduğundan,
											mal sahibi olmaya hakkı yoktu.
											Hükmen ailemizin olan herşey
											zaten babama aitti, yani hak onundu.
											Annem onu sorgulamaya kalkıştığında
											babam onu döver, zor kullanırdı, yani hayatı gerçekten zordu.
									","
											Je suis allé à l'école non pas parce que les femmes ou filles
											massaïs allaient à l'école.
											C'est parce qu'on a refusé une éducation à ma mère,
											et elle nous rappelait constamment à moi et mes sœurs
											qu'elle ne voulait pas pour nous la vie qu'elle a vécue.
											Pourquoi nous a-t-elle dit ça ?
											Mon père était policier en ville.
											Il rentrait à la maison une fois par an.
											Parfois nous ne le voyions pas pendant deux ans.
											Et chaque fois qu'il rentrait, les choses étaient différentes
											Ma mère travaillait dur dans la ferme
											à cultiver des récoltes pour nous nourrir.
											Elle élevait des vaches et des chèvres
											pour prendre soin de nous.
											Mais quand mon père rentrait, il vendait les vaches,
											il vendait les produits en stock,
											et il allait boire avec ses amis dans les bars.
											Parce que ma mère était une femme,
											elle n'avait le droit d'être propriétaire d'aucun bien,
											et par défaut, de toute façon tout dans ma famille
											appartient à mon père, donc il avait le droit.
											Et si jamais ma mère venait à lui poser des questions,
											il la frappait, la violait, et vraiment c'était très dur.
									","
											Ich besuchte die Schule. Nicht weil die
											Massai-Frauen oder -Mädchen
zur Schule gingen,
											sondern weil meiner Mutter 
eine Ausbildung verwehrt worden war
											und sie erinnerte meine Geschwister
und mich ständig daran, dass
											sie nicht möchte, dass wir
ein Leben wie das ihre leben.
											Wieso sagte sie das?
											Mein Vater arbeitete als Polizist in der Stadt.
											Er kam einmal im Jahr nach Hause.
											Wir sahen ihn manchmal 
sogar zwei Jahre nicht.
											Und immer wenn er zurück kam,
veränderte sich alles.
											Meine Mutter arbeitete hart auf dem Feld,
											um Getreide für unsere Ernährung anzubauen.
											Sie hielt Kühe und Ziegen,
											sodass sie für uns sorgen konnte.
											Doch wenn mein Vater kam, 
da verkaufte er die Kühe,
											er verkaufte unsere Erzeugnisse
											und er ging aus und trank mit
seinen Freunden in den Kneipen.
											Da meine Mutter eine Frau war,
											hatte sie kein Recht auf Grundbesitz
											und automatisch gehörte alles, 
was meine Familie besaß,
											sowieso meinem Vater, also hatte er das Recht.
											Und wenn meine Mutter ihn jemals nach etwas fragte,
											dann schlug er sie, missbrauchte sie, 
es war wirklich sehr schwer.
									",A girl who demanded school,Kakenya Ntaiya,15:16,"Africa,TEDx,activism,education,feminism,women,global development"
"
","
","
","
","
","
",A girl who demanded school,Kakenya Ntaiya,15:16,"Africa,TEDx,activism,education,feminism,women,global development"
"
											When I went to school, I had a dream.
											I wanted to become a teacher.
											Teachers looked nice.
											They wear nice dresses, high-heeled shoes.
											I found out later that they are uncomfortable, but I admired it.
											(Laughter)
											But most of all, the teacher was just writing on the board —
											not hard work, that's what I thought,
											compared to what I was doing in the farm.
											So I wanted to become a teacher.
									","
											Cuando fui a la escuela,
tuve un sueño.
											Quería convertirme en maestra.
											Los maestros se veían bien.
											Siempre usaban lindos vestidos,
zapatos con tacón.
											Después me enteré que son incómodos,
pero los admiraba.
											(Risas)
											Pero sobre todo, los maestros
solo escribían en la pizarra;
											no es un trabajo difícil, eso pensé,
											comparado con lo que
yo hacía en la granja.
											Así que quería convertirme en maestra.
									","
											Quando frequentava a escola, 
eu tinha um sonho.
											Eu queria ser professora.
											As professoras apresentavam-se bem.
											Tinham vestidos bonitos, 
sapatos de salto alto.
											Descobri mais tarde que são 
desconfortáveis, mas gostava deles.
											(Risos)
											Mas, sobretudo, a professora 
apenas escrevia no quadro.
											Não era trabalho duro
— era o que eu pensava —
											comparado com o que eu fazia na quinta.
											Portanto, eu queria ser professora.
									","
											Okula gittiğimde bir hayalim vardı.
											Öğretmen olmak istiyordum.
											Öğretmenler güzel görünüyorlardı.
											Güzel kıyafetler, topuklu ayakkabılar giyerlerdi.
											Sonradan o ayakkabıların rahatsız olduğunu keşfettim ama o zaman hayrandım.
											(Kahkahalar)
											Ama en önemlisi öğretmenler sadece tahtaya yazı yazıyorlardı,
											bu zor bir iş değildi, yani çiftlikte yaptıklarımla
											karşılaştırınca öyle düşünüyordum.
											İşte bu yüzden, öğretmen olmak istiyordum.
									","
											Quand je suis allée à l'école, j'avais un rêve.
											Je voulais devenir professeur.
											Les professeurs avaient bonne allure.
											Elles portaient de jolies robes, des chaussures à talons.
											J'ai réalisé plus tard qu'elles ne sont pas confortables, mais j'avais alors de l'admiration.
											(Rires)
											Mais plus que tout, les professeurs ne faisaient qu'écrire sur le tableau
											Je me disais que ça n'était pas un travail pénible
											comparé à ce que je faisais dans la ferme.
											Donc j'ai voulu devenir professeur.
									","
											Als ich zur Schule ging, hatte ich einen Traum.
											Ich wollte Lehrerin werden.
											Lehrer sahen schön aus.
											Sie tragen schöne Kleider, hohe Schuhe.
											Später fand ich heraus, dass sie
unbequem sind, aber ich bewunderte sie.
											(Lachen)
											Aber vor allem schrieb der Lehrer nur an die Tafel –
											keine schwere Arbeit, das dachte ich damals.
											im Vergleich zu meiner Arbeit auf dem Land.
											Also wollte ich Lehrerin werden.
									",A girl who demanded school,Kakenya Ntaiya,15:16,"Africa,TEDx,activism,education,feminism,women,global development"
"
","
","
","
","
","
",A girl who demanded school,Kakenya Ntaiya,15:16,"Africa,TEDx,activism,education,feminism,women,global development"
"
											I worked hard in school, but when I was in eighth grade,
											it was a determining factor.
											In our tradition, there is a ceremony
											that girls have to undergo to become women,
											and it's a rite of passage to womanhood.
											And then I was just finishing my eighth grade,
											and that was a transition for me to go to high school.
											This was the crossroad.
											Once I go through this tradition, I was going to become a wife.
											Well, my dream of becoming a teacher will not come to pass.
											So I talked — I had to come up with a plan
											to figure these things out.
											I talked to my father. I did something that most girls have never done.
											I told my father, ""I will only go through this ceremony
											if you let me go back to school.""
											The reason why, if I ran away,
											my father will have a stigma, people will be calling him
											the father of that girl who didn't go through the ceremony.
											It was a shameful thing for him to carry the rest of his life.
											So he figured out. ""Well,"" he said, ""okay,
											you'll go to school after the ceremony.""
									","
											Y trabajé duro en la escuela,
pero al llegar a octavo grado,
											fue un factor determinante.
											En nuestra tradición,
hay una ceremonia
											que las niñas deben pasar
para convertirse en mujeres
											es un ritual de iniciación
a la feminidad.
											Y entonces, a penas estaba
terminando el octavo grado,
											y esa era mi etapa
de transición a la preparatoria.
											Esta fue la encrucijada.
											Una vez que pasara por este ritual,
me iba a convertir en esposa.
											Y, mi sueño de convertirme
en maestra, no se realizaría.
											Entonces hablé, tenía
que idear un plan
											para poder resolver estas cuestiones.
											Hablé con mi padre. Hice algo que
la mayoría de las niñas no habían hecho nunca.
											Le dije a mi padre,
""Voy a pasar por esta ceremonia
											solo si me dejas volver a la escuela"".
											La razón fue porque,
si yo huía,
											mi padre quedaría estigmatizado,
y lo llamarían
											el padre de la niña que
no quiso atravesar la ceremonia.
											Hubiese sido algo muy vergonzoso
de llevar el resto de su vida.
											Entonces lo resolvió.
""Bien"", dijo, ""está bien,
											vas a poder ir a la escuela
después de la ceremonia"".
									","
											Eu trabalhei muito, na escola,
											mas a chegada ao 8.º ano
foi um fator determinante.
											Na nossa tradição, há uma cerimónia
											por que as raparigas têm que passar 
para se tornarem mulheres.
											É um ritual de passagem 
à condição de mulher.
											Eu estava a terminar o 8.º ano
											e isso era uma transição para 
a passagem para o secundário.
											Este foi o momento decisivo.
											Depois de passar por esta tradição, 
iria tornar-me numa esposa.
											O meu sonho de me tornar 
professora não se iria concretizar.
											Tinha que arranjar um plano
											para encontrar uma solução.
											Falei com o meu pai. Fiz algo que a maior
parte das raparigas nunca tinha feito.
											Disse ao meu pai: ""Eu apenas 
passarei por esta cerimónia
											""se me deixares voltar para a escola"".
											Fiz isso, porque, se eu fugisse,
o meu pai carregaria um estigma.
											As pessoas falariam dele como
											o pai daquela rapariga que 
não tinha passado pela cerimónia.
											Era uma coisa muito vergonhosa 
para ele carregar toda a vida.
											Então ele pensou: 
""Bem"", disse, ""está bem,
											""vais para a escola depois da cerimónia"".
									","
											Okulda çok sıkı çalıştım, ama sekizince sınıfa geldiğimde
											bir yol ayrımındaydım.
											Geleneğimize göre kızların kadın olabilmeleri için
											katılmaları gereken bir tören vardır,
											bir kadınlığa geçiş merasimi.
											O zaman sekizinci sınıfı bitiriyordum
											ve liseye geçiş dönemimdi.
											Bu bir yol ayrımıydı.
											Bu geleneğe uyduğumda evlenmeye hazır bir kadın olacaktım.
											Öğretmen olma hayalimse suya düşecekti.
											Bundan dolayı konuşmaya — tüm bunların üstesinden
											gelmek için bir plan yapmaya koyuldum.
											Babamla konuştum. Çoğu kızın hiç yapmadığı bir şeyi yaptım.
											Babama ""Bu geleneği gerçekleştireceğim,
											ama okula gitmeme izin vermen şartıyla"" dedim.
											Çünkü eğer kaçsaydım,
											babam için bir felaket olurdu; herkes ona
											geleneğe uymayan kızın babası diyecekti.
											Bu hayatı boyunca taşıyacağı bir utanç olacaktı.
											Düşündü taşındı ve ""Tamam"" dedi.
											""Törene katıldıktan sonra okula gideceksin""
									","
											Je travaillais dur à l'école mais quand je suis arrivé à ma dernière année de classe primaire
											ça a été un facteur déterminant.
											Dans notre tradition, il y a une cérémonie
											à laquelle les filles doivent participer pour devenir femmes,
											et c'est un rite de passage de la vie d'une femme .
											Je finissais alors ma huitième année d'école primaire
											et ça a été pour moi une transition vers le collège.
											C'est là que les chemins se sont croisés.
											Une fois passée par cette tradition, j'allais devenir une épouse.
											Alors, mon rêve de devenir professeur n'allait pas se réaliser.
											Alors j'ai parlé — il me fallait un plan
											pour me sortir de là.
											J'ai parlé à mon père. J'ai fait quelque chose que la plupart des filles n'ont jamais fait.
											J'ai dit à mon père,
""Je n'accepterai cette cérémonie que
											si tu me laisses retourner à l'école.""
											J'ai fait ça parce que si je m'étais enfuie,
											mon père aurait été stigmatisé,
les gens aurait dit de lui
											qu'il est le père de cette fille qui n'est pas passée par la cérémonie.
											C'était quelque chose de honteux à porter pour le reste de sa vie.
											Alors il a réfléchi et dit. ""Bon. D'accord.
											Tu iras à l'école après la cérémonie.""
									","
											Ich war sehr fleißig in der Schule,
doch als ich in die achte Klasse kam,
											gab es einen entscheidenden Faktor.
											In unserer Tradtion gibt es eine Zeremonie,
											an der Mädchen teilnehmen müssen,
um zu Frauen zu werden,
											es ist ein Übergangsritual in die Fraulichkeit.
											Und dann, als ich die achte Klasse gerade beendete,
											das war der Übergang zu
einer weiterführenden Schule.
											Das war der entscheidende Moment.
											Sobald ich dieser Tradition folgte, 
würde ich zu einer Ehefrau werden.
											Das hieß, mein Traum, Lehrerin zu werden,
würde nicht in Erfüllung gehen.
											Also brauchte ich einen Plan,
											um all das auszutüfteln.
											Ich sprach mit meinem Vater. Ich tat etwas,
was die meisten Mädchen nie getan hatten.
											Ich sagte meinem Vater: ""Ich werde
nur an dieser Zeremonie teilnehmen,
											wenn du mich wieder zurück zur Schule lässt.""
											Denn wenn ich wegrennen würde,
											wäre mein Vater gebrandmarkt, 
man würde ihn den Vater,
											dessen Mädchen nicht an der 
Zeremonie teilnahm, nennen.
											Es wäre eine Schande, die er für den Rest
seines Lebens mit sich tragen müsste.
											So dachte er nach. ""Also"", sagte er, ""okay,
											du darfst nach der Zeremonie 
wieder zur Schule gehen.""
									",A girl who demanded school,Kakenya Ntaiya,15:16,"Africa,TEDx,activism,education,feminism,women,global development"
"
","
","
","
","
","
",A girl who demanded school,Kakenya Ntaiya,15:16,"Africa,TEDx,activism,education,feminism,women,global development"
"
											I did. The ceremony happened.
											It's a whole week long of excitement.
											It's a ceremony. People are enjoying it.
											And the day before the actual ceremony happens,
											we were dancing, having excitement,
											and through all the night we did not sleep.
											The actual day came, and we walked out of the house
											that we were dancing in. Yes, we danced and danced.
											We walked out to the courtyard, and there were a bunch of people waiting.
											They were all in a circle.
											And as we danced and danced,
											and we approached this circle of women,
											men, women, children, everybody was there.
											There was a woman sitting in the middle of it,
											and this woman was waiting to hold us.
											I was the first. There were my sisters and a couple of other girls,
											and as I approached her,
											she looked at me, and I sat down.
											And I sat down, and I opened my legs.
											As I opened my leg, another woman came,
											and this woman was carrying a knife.
											And as she carried the knife, she walked toward me
											and she held the clitoris, and she cut it off.
									","
											Y lo hice.
La ceremonia ocurrió.
											Es una larga semana de emoción.
											Es una ceremonia.
Las personas la disfrutan.
											Y el día anterior
a la ceremonia,
											estábamos bailando,
divirtiéndonos,
											y esa noche no dormimos.
											Llegó el día,
y salimos de la casa
											de donde habíamos bailado.
Sí, bailamos y bailamos.
											Salimos al jardín, y había
muchas personas esperando.
											Formaban un círculo.
											Y a medida que bailábamos
y bailábamos,
											y nos acercábamos a este
círculo de mujeres,
											había hombres, mujeres, niños,
todo el mundo está allí.
											Había una mujer sentada en el medio,
											y esta mujer, estaba esperando
para sujetarnos.
											Yo era la primera. Estaban mis hermanas
y un par de niñas más,
											y mientras me acercaba a ella,
											ella me miró, y me senté.
											Y me senté, y abrí mis piernas.
											Mientras abría mis piernas,
vino otra mujer,
											y esta mujer traía un cuchillo.
											Y con el cuchillo en la mano,
caminó hacia mí
											sostuvo el clítoris, y lo cortó.
									","
											Eu fui. A cerimónia aconteceu.
											Foi uma semana inteira de muita excitação.
											É uma cerimónia. 
As pessoas divertem-se.
											Na véspera da cerimónia
											dançávamos, estávamo-nos a divertir
											e durante toda a noite não dormimos.
											Chegou o dia da cerimónia
e nós saímos da casa
											onde tínhamos dançado.
dançado e dançado.
											Saímos para o pátio onde estava
uma série de pessoas à espera.
											Estavam todos em círculo.
											E conforme dançávamos
											aproximávamo-nos
de um círculo de mulheres,
											homens, mulheres, crianças, 
estava lá toda a gente.
											Havia uma mulher sentada no meio.
											Essa mulher estava 
à espera para nos agarrar.
											Eu fui a primeira. Estavam lá as minhas 
irmãs e duas outras raparigas
											e, conforme me aproximava,
											ela olhou para mim e eu sentei-me.
											Sentei-me a abri as pernas.
											Enquanto abria as pernas, 
apareceu outra mulher
											e essa mulher trazia uma faca.
											Com a faca na mão,
caminhou na minha direção
											segurou no clítoris e cortou-o.
									","
											Yaptım. Merasim gerçekleşti.
											Uzun, heyecanla dolu bir haftaydı.
											Bu bir törendi. İnsanlar keyifliydiler.
											Esas tören gerçekleşmeden önceki gün,
											dans ediyorduk, heyecanlıydık
											ve tüm gece uyumadık.
											Önemli gün geldi çattı, dans ettiğimiz
											evden çıktık. Evet, onca zaman dans ettik.
											Meydana doğru yürüdük, bir kaç kişi bizi bekliyordu.
											Hepsi bir halka oluşturmuştu.
											Dans ede ede,
											bu kadınlardan oluşan halkaya ulaştığımızda,
											gördük ki, erkekler, kadınlar, çocuklar, herkes ordaydı.
											Ortada oturan bir kadın vardı
											ve kadın bizi tutmak için bekliyordu.
											Ben ilktim. Kız kardeşlerim ve diğer birkaç kız sıradaydı
											Kadına yaklaştığımda,
											kadın bana baktı ve ben oturdum.
											Oturdum ve bacaklarımı açtım.
											Bacaklarımı açmamla başka bir kadın daha geldi
											ve bu kadının bir bıçağı vardı.
											Elinde bıçakla, bana doğru yürüdü,
											klitorisimi tuttu ve kesti.
									","
											C'est ce que j'ai fait. La cérémonie a eu lieu.
											C'est une semaine entière d'excitation.
											C'est une cérémonie que les gens apprécient.
											Et la veille de la cérémonie,
											on dansait, on s'amusait,
											et on n'a pas dormi de la nuit.
											Le jour même [de la cérémonie] est arrivé
et on est sorti de la maison
											dans laquelle on dansait.
Oui, on a dansé encore et encore.
											On est sorti dans la cour, et il y avait un groupe
de gens qui attendait.
											Ils formaient un cercle.
											Et alors qu'on dansait encore et encore,
											et qu'on s'approchait de ce cercle de femmes,
											hommes, femmes, enfants, tout le monde était là.
											Il y avait une femme assise au milieu du cercle,
											qui attendait pour nous s'occuper de nous
											J'ai été la première. Il y avait mes sœurs et deux autres filles,
											et alors que j'approchais d'elle,
											elle m'a regardé et je me suis assise.
											Je me suis assise et j'ai écarté mes jambes.
											Alors que j'écartais mes jambes, une autre femme s'est approchée.
											Elle avait un couteau.
											Et elle s'est approchée de moi avec le couteau
											elle a saisi le clitoris et l'a tranché.
									","
											Das tat ich. Die Zeremonie fand statt.
											Es war eine ganze Woche voller Aufregung.
											Das ist eine Feierlichkeit. 
Die Menschen genießen sie.
											Und den Tag vor der eigentlichen Zeremonie
											tanzten wir, waren aufgeregt,
											und hatten die ganze Nacht nicht geschlafen.
											Der jeweilige Tag kam und 
wir gingen aus dem Haus hinaus,
											in dem wir getanzt hatten. 
Ja, wir tanzten und tanzten.
											Wir gingen hinaus zum Innenhof und
da waren viele wartende Menschen.
											Sie standen alle in einem Kreis.
											Und so tanzten und tanzten wir,
											und als wir den Kreis der Frauen erreichten,
											waren alle dort: Männer, Frauen, Kinder.
											Mitten im Kreis saß eine Frau
											und diese Frau wartete darauf, uns aufzunehmen.
											Ich war die Erste. Um mich herum standen
meine Schwestern und einige andere Mädchen,
											und als ich der Frau näherkam,
											schaute sie mich an und ich setzte mich hin.
											Und ich setzte mich und öffnete meine Beine.
											Als ich meine Beine öffnete, kam eine andere Frau,
											und diese Frau hielt ein Messer in der Hand.
											Und während sie das Messer hielt, 
kam sie auf mich zu
											und sie hielt meine Klitoris fest, 
und sie schnitt sie ab.
									",A girl who demanded school,Kakenya Ntaiya,15:16,"Africa,TEDx,activism,education,feminism,women,global development"
"
","
","
","
","
","
",A girl who demanded school,Kakenya Ntaiya,15:16,"Africa,TEDx,activism,education,feminism,women,global development"
"
											As you can imagine, I bled. I bled.
											After bleeding for a while, I fainted thereafter.
											It's something that so many girls —
											I'm lucky, I never died — but many die.
											It's practiced, it's no anesthesia, it's a rusty old knife,
											and it was difficult.
											I was lucky because one, also, my mom did something
											that most women don't do.
											Three days later, after everybody has left the home,
											my mom went and brought a nurse.
											We were taken care of.
											Three weeks later, I was healed, and I was back in high school.
											I was so determined to be a teacher now
											so that I could make a difference in my family.
									","
											Como pueden imaginarse,
yo sangraba y sangraba.
											Luego de sangrar un rato, me desmayé.
											Es algo que a muchas niñas...
											Tuve suerte de no morir,
muchas mueren.
											Se practica, sin anestesia,
con un cuchillo viejo y oxidado,
											y fue difícil.
											Tuve suerte porque, además,
mi mamá hizo algo
											que la mayoría de las mujeres no hace.
											Tres días después,
luego de que todos se fueran,
											mi mamá trajo una enfermera.
											Nos cuidaron.
											Tres semanas después, sané,
y ya estaba de nuevo en la preparatoria.
											Estaba tan decidida a convertirme
en maestra en ese momento
											para poder marcar
una diferencia en mi familia.
									","
											Como podem imaginar, sangrei, sangrei.
											Após algum tempo a sangrar, desmaiei.
											É algo por que tantas raparigas...
											Tive sorte, não morri. Mas muitas morrem.
											É praticado sem anestesia.
											É uma faca velha e enferrujada
e foi difícil.
											Eu tive sorte, primeiro, porque
a minha mãe fez uma coisa
											que a maioria das mulheres não faz.
											Três dias mais tarde, após 
toda a gente ter ido para casa,
											a minha mãe foi buscar uma enfermeira.
											Trataram de nós.
											Três semanas mais tarde, estava sarada 
e voltei para a escola secundária.
											Estava tão determinada 
a tornar-me professora
											para fazer a diferença na minha família.
									","
											Tahmin edebiliceğiniz gibi kanadım, kanadım...
											Bir süre kanadıktan sonra bayılmışım.
											Bu birçok kızın öldüğü bir durum,
											şanslıyım ki benim başıma gelmedi.
											Bu yapılıyor, anestezi olmadan, paslı eski bir bıçakla,
											zor zamanlardı...
											Ben şanslıydım, çünkü annem çoğu kadının
											yapmadığı bir şeyi yaptı.
											Üç gün sonra herkes evden gittiğinde,
											gidip bir hemşire getirdi.
											İyi bakıldık.
											Üç hafta sonra iyileşmiştim ve liseye döndüm
											Artık öğretmen olmaya çok kararlıydım,
											böylece ailemde bir fark yaratacaktım.
									","
											Comme vous pouvez l'imaginer, j'ai saigné. J'ai saigné.
											Après avoir saigné un bon moment,
je me suis évanouie.
											C'est quelque chose dont tant de filles —
											J'ai eu de la chance, je ne suis pas morte — mais dont beaucoup meurt.
											C'est une pratique, sans anesthésie, avec un vieux couteau rouillé,
											et ça a été très dur.
											J'ai également eu de la chance parce que ma mère a fait quelque chose
											que la plupart des femmes ne font pas.
											Trois jours plus tard,
une fois que tout le monde était parti,
											ma mère a ramené une infirmière.
											On s'est occupé de nous.
											Trois semaines plus tard, j'avais cicatrisé, et j'étais de retour au collège.
											J'étais vraiment déterminée pour être professeur
											pour faire la différence dans ma famille.
									","
											Wie Sie sich das vorstellen können, 
habe ich geblutet. Ich habe geblutet.
											Nachdem ich eine Zeit lang geblutet hatte, 
fiel ich in Ohnmacht.
											Das ist etwas, das so viele Mädchen –
											Ich hatte Glück, ich bin nicht gestorben – 
aber viele sterben dabei.
											Es wird praktiziert, es gibt keine Betäubung, 
es ist ein altes, rostiges Messer,
											und es war schwer.
											Ich hatte einerseits auch Glück, 
dass meine Mutter etwas tat,
											was die meisten Frauen nicht tun.
											Drei Tage später, nachdem alle 
von zu Hause weg waren,
											holte meine Mutter eine Krankenschwester.
											Sie kümmerte sich um mich.
											Drei Wochen später waren die Wunden verheilt 
und ich ging wieder in die Highschool.
											Ich war jetzt entschlossen, Lehrerin zu werden,
											um in der Familie etwas zu verändern.
									",A girl who demanded school,Kakenya Ntaiya,15:16,"Africa,TEDx,activism,education,feminism,women,global development"
"
","
","
","
","
","
",A girl who demanded school,Kakenya Ntaiya,15:16,"Africa,TEDx,activism,education,feminism,women,global development"
"
											Well, while I was in high school, something happened.
											I met a young gentleman from our village
											who had been to the University of Oregon.
											This man was wearing a white t-shirt, jeans, camera,
											white sneakers — and I'm talking about white sneakers.
											There is something about clothes, I think, and shoes.
											They were sneakers, and this is in a village
											that doesn't even have paved roads. It was quite attractive.
									","
											Bien, mientras estaba
en preparatoria, ocurrió algo.
											Conocí a un joven de nuestra aldea
											que había asistido
a la Universidad de Oregón.
											El hombre vestía una camiseta
blanca, jeans, una cámara
											zapatillas blancas, y estoy
hablando de zapatillas blancas.
											Hay algo en la ropa,
creo, y en los zapatos.
											Eran zapatillas, y esta es un aldea
											que ni siquiera tiene caminos pavimentados.
Era muy atractivo.
									","
											Enquanto estava no secundário, 
aconteceu uma coisa.
											Conheci um jovem 
cavalheiro da nossa vila
											que tinha frequentado 
a Universidade de Oregon.
											Este homem usava uma T-shirt branca, 
""jeans"", tinha máquina fotográfica,
											ténis brancos, e estou 
a falar de ténis brancos!
											Há algo de especial na roupa, 
acho eu, e em sapatos.
											Ele tinha ténis. Isto numa vila
que nem tinha estradas pavimentadas.
											Era muito atraente.
									","
											Lisedeyken bir şey oldu.
											Oregon Üniversitesi'ne gitmiş,
											köyümüzden genç bir adamla tanıştım.
											Bu adam beyaz tişört, kot pantolon giyiyordu, kamerası vardı
											ve beyaz spor ayakkabılar giyiyordu. Beyaz spor ayakkabı diyorum!
											Kıyafetlerin ve ayakkabıların bir önemi var bence.
											Onunkiler spor ayakkabılardı ve köyümüzde
											taş döşeli yollarımız bile yoktu. Bayağı çekiciydi.
									","
											Eh puis, pendant que j'étais au collège, il s'est passé quelque chose.
											J'ai rencontré un jeune homme de notre village
											qui était allé à l'Université de l'Orégon.
											Cet homme portait un t-shirt blanc, des jeans, un appareil photo,
											des baskets blanches — je dis bien des baskets blanches.
											Il y a un truc avec les vêtements, je pense, et les chaussures.
											C'était des baskets, et ceci dans un village
											qui n'a même pas de routes pavées.
C'était assez séduisant.
									","
											Während meiner Zeit 
an der Schule passierte etwas.
											Ich traf einen jungen Gentleman aus unserem Dorf,
											der an der University of Oregon studiert hatte.
											Dieser Mann trug ein weißes T-Shirt, 
Jeans, eine Kamera
											und weiße Turnschuhe – blütenweiße Sneakers.
											Kleidung hat etwas an sich, und Schuhe ebenso.
											Er trug Sneakers und das in einem Dorf,
											das noch nicht einmal gepflasterte 
Straßen hatte. Es wirkte sehr attraktiv.
									",A girl who demanded school,Kakenya Ntaiya,15:16,"Africa,TEDx,activism,education,feminism,women,global development"
"
","
","
","
","
","
",A girl who demanded school,Kakenya Ntaiya,15:16,"Africa,TEDx,activism,education,feminism,women,global development"
"
											I told him, ""Well, I want to go to where you are,""
											because this man looked very happy, and I admired that.
									","
											Le dije, ""Bien,
quiero ir donde tú estás"",
											porque este muchacho se veía muy feliz,
y yo admiraba eso.
									","
											Eu disse-lhe: ""Bem, eu quero 
ir para onde tu estás"",
											porque aquele homem parecia 
muito feliz e eu admirava isso.
									","
											Ona ""Senin bulunduğun yere gitmek istiyorum"" dedim.
											Çünkü bu adam mutlu görünüyordu, buna hayrandım.
									","
											Je lui ai dit, ""Alors, je veux aller là où tu vis,""
											parce que cet homme avait l'air très heureux et j'admirais ça.
									","
											Ich sagte ihm: ""Ich möchte dahin, wo du bist"",
											denn er schien sehr glücklich
und das bewunderte ich.
									",A girl who demanded school,Kakenya Ntaiya,15:16,"Africa,TEDx,activism,education,feminism,women,global development"
"
","
","
","
","
","
",A girl who demanded school,Kakenya Ntaiya,15:16,"Africa,TEDx,activism,education,feminism,women,global development"
"
											And he told me, ""Well,
											what do you mean, you want to go?
											Don't you have a husband waiting for you?""
									","
											Y él me dijo, ""Bueno,
											¿qué quieres decir
con que quieres ir?
											¿Acaso no tienes
un esposo esperándote?""
									","
											E ele disse-me:
											""O que queres dizer? Queres vir?
											""Não tens um marido à espera?""
									","
											Bana ""Peki, gitmek istiyorum derken
											neyi kastediyorsun?"" diye sordu.
											""Seni bekleyen bir kocan yok mu?""
									","
											Et il m'a dit, ""Eh bien,
											que veux-tu dire, tu veux y aller ?
											N'as-tu pas un mari qui t'attend ?""
									","
											Und er sagte mir: ""Na ja,
											was meinst du damit, du willst gehen?
											Hast du keinen Ehemann, der auf dich wartet?""
									",A girl who demanded school,Kakenya Ntaiya,15:16,"Africa,TEDx,activism,education,feminism,women,global development"
"
","
","
","
","
","
",A girl who demanded school,Kakenya Ntaiya,15:16,"Africa,TEDx,activism,education,feminism,women,global development"
"
											And I told him, ""Don't worry about that part.
											Just tell me how to get there.""
									","
											Y le dije, ""No te preocupes
por esa parte.
											Solo dime cómo llegar allí"".
									","
											E eu disse-lhe: ""Não te 
preocupes com essa parte.
											""Diz-me só como lá chegar.""
									","
											Ona ""Sen orasını düşünme,
											sadece oraya nasıl gidebilirim, bana onu anlat."" dedim.
									","
											Alors je lui ai dit, ""Ne t'inquiètes pas pour ça.
											Dis-moi seulement comment aller là-bas.""
									","
											Und ich antworte:
""Mache dir darüber keine Sorgen.
											Sage mir einfach, wie ich dahin komme.""
									",A girl who demanded school,Kakenya Ntaiya,15:16,"Africa,TEDx,activism,education,feminism,women,global development"
"
","
","
","
","
","
",A girl who demanded school,Kakenya Ntaiya,15:16,"Africa,TEDx,activism,education,feminism,women,global development"
"
											This gentleman, he helped me.
											While I was in high school also, my dad was sick.
											He got a stroke, and he was really, really sick,
											so he really couldn't tell me what to do next.
											But the problem is, my father is not the only father I have.
											Everybody who is my dad's age, male in the community,
											is my father by default —
											my uncles, all of them — and they dictate what my future is.
									","
											Este caballero me ayudó.
											Mientras estaba en la preparatoria,
mi padre estaba enfermo.
											Le dio un ACV,
y estaba muy, muy enfermo,
											así que no podía decirme qué hacer.
											El problema es que mi padre,
no es el único padre que tengo.
											Todos los hombres en la comunidad,
de la edad de mi padre,
											son mi padre por defecto,
											mis tíos, todos ellos,
y ellos dictan mi futuro.
									","
											Aquele cavalheiro ajudou-me.
											Enquanto frequentava o ensino 
secundário, o meu pai esteve doente.
											Teve um AVC e estava 
muito, muito doente.
											Portanto, ele não me podia 
dizer o que fazer a seguir.
											Mas o problema é que, o meu pai
não é o único pai que tenho.
											Cada um dos homens que tem a idade 
do meu pai, na comunidade,
											é meu pai, por defeito...
											os meus tios, todos eles... 
E eles ditam o meu futuro.
									","
											Bu genç adam bana yardım etti.
											Bir de, ben lisedeyken babam hastaydı.
											Felç geçirmişti ve gerçekten çok hastaydı.
											Bu yüzden bana ne yapacağımı söyleyemiyordu.
											Ama sorun şu ki, babam sahip olduğum tek baba değil
											Yaşadığım toplumdaki babamın yaşındaki her erkek
											otomatik olarak benim babam sayılır—amcalarım, tümü—
											ve onlar geleceğimin ne olacağını belirler.
									","
											Ce jeune homme, il m'a aidé.
											Et aussi, quand j'étais au collège, mon père a été malade.
											Il a eu une attaque, et il était vraiment très malade,
											alors il ne pouvait vraiment pas me dire ce que j'avais à faire.
											Mais le problème c'est que mon père n'est pas le seul père que j'ai.
											Dans ma communauté, n'importe quel homme de l'âge de mon père
											est mon père par défaut —
											mes oncles, tous mes oncles — et ils me disent de quoi est fait mon futur.
									","
											Dieser Gentleman half mir.
											Während der Highschool wurde 
außerdem mein Vater krank.
											Er hatte einen Schlaganfall 
und war sehr, sehr krank,
											also konnte er mir nicht sagen,
was ich als nächstes zu tun habe.
											Doch das Problem ist, dass mein Vater
nicht der einzige Vater ist, den ich habe.
											Jeder Mann in der Gemeinschaft, 
der im Alter meines Vaters ist,
											ist automatisch mein Vater –
											meine Onkel, alle von ihnen – und
sie bestimmen über meine Zukunft.
									",A girl who demanded school,Kakenya Ntaiya,15:16,"Africa,TEDx,activism,education,feminism,women,global development"
"
","
","
","
","
","
",A girl who demanded school,Kakenya Ntaiya,15:16,"Africa,TEDx,activism,education,feminism,women,global development"
"
											So the news came, I applied to school
											and I was accepted to Randolph-Macon Woman's College in Lynchburg, Virginia,
											and I couldn't come without the support of the village,
											because I needed to raise money to buy the air ticket.
											I got a scholarship but I needed to get myself here.
											But I needed the support of the village,
											and here again, when the men heard,
											and the people heard that a woman had gotten an opportunity to go to school,
											they said, ""What a lost opportunity.
											This should have been given to a boy. We can't do this.""
									","
											Así que llegó la noticia,
envié una solicitud
											y me aceptaron en la Randolph-Macon Woman's College,
en Lynchburg, Virginia,
											y no podía venir sin el respaldo de la aldea,
											porque necesitaba reunir el dinero
para comprar el pasaje de avión.
											Me dieron una beca,
pero necesitaba llegar hasta aquí.
											Pero necesitaba el respaldo de la aldea,
											y aquí, nuevamente,
cuando los hombres se enteraron
											y las personas se enteraron de que una mujer
tenía la oportunidad de ir a la universidad,
											todos dijeron, ""Qué perdida de oportunidad.
											Esto se lo tendrían que haber dado
a un muchacho. No podemos hacer esto"",
									","
											Então a notícia chegou.
											Inscrevi-me na escola e fui aceite
											no Colégio Feminino de Randolph-Macon
em Lynchburg, Virgínia.
											Eu não conseguiria vir 
sem o apoio da vila,
											pois precisava de angariar dinheiro 
para o bilhete de avião.
											Ganhei uma bolsa de estudos 
mas precisava de me pôr aqui.
											Precisava do apoio da vila.
											Também aqui, quando
os homens ouviram,
											e o povo ouviu que uma mulher ganhara 
uma oportunidade de ir para a escola,
											disseram: ""Que oportunidade desperdiçada.""
											""Deveria ter sido dada a um rapaz. 
Não podemos fazer isto.""
									","
											Başvurduğum okuldan, Lynchburg, Virginia'daki Randolph-Macon Üniversitesinden,
											haber geldi, okula kabul edilmiştim.
											Ama köyün desteği olmadan gidemezdim,
											çünkü uçak bileti almak için para toplamam gerekliydi.
											Okumak için burs almıştım ama kendimi buraya getirmem gerekiyordu.
											Köyün desteğine ihtiyacım vardı.
											Oysa, köydeki adamlar bir bayanın
											okumak için böyle bir fırsat elde ettiğini duyduğunda,
											""Yazık olmuş. Bu fırsat bir erkek çocuğa
											verilseydi keşke. Sana yardım edemeyiz."" dediler.
									","
											Alors la nouvelle est arrivée, j'ai présenté ma candidature
											et j'ai été retenue à l'Université de Femmes de Randolph-Macon à Lynchburg, en Virginie,
											mais je ne pouvais pas y aller
sans le soutien du village,
											parce que j'avais besoin de collecter de l'argent pour acheter le billet d'avion.
											J'ai reçu une bourse mais il fallait que je vienne ici.
											Mais j'avais besoin du soutien du village,
											et là encore, quand les hommes ont entendu,
											et les gens ont entendu qu'une femme avait l'opportunité d'aller à l'école,
											ils ont dit, ""Quelle gâchis
											On aurait dû donner cette opportunité à un garçon. On ne peut pas laisser faire ça.""
									","
											Ich bewarb mich also an einer Uni in den USA
											und wurde vom Randolph-Macon Woman's College
in Lynchburg, Virginia angenommen.
											Ohne die Hilfe des Dorfes 
konnte ich dort nicht hingehen,
											denn ich brauchte Geld für das Flugticket.
											Ich hatte zwar ein Stipendium, aber
ich musste irgendwie hin kommen.
											Ich brauchte also 
die Unterstützung des Dorfes,
											und als die Männer, 
die Menschen im Dorf
											hörten, dass eine Frau die Möglichkeit
erhielt die Uni zu besuchen,
											sagten sie: ""Was für eine verlorene Gelegenheit.
											Ein Junge hätte gehen sollen.
Das können wir nicht machen.""
									",A girl who demanded school,Kakenya Ntaiya,15:16,"Africa,TEDx,activism,education,feminism,women,global development"
"
","
","
","
","
","
",A girl who demanded school,Kakenya Ntaiya,15:16,"Africa,TEDx,activism,education,feminism,women,global development"
"
											So I went back and I had to go back to the tradition.
											There's a belief among our people
											that morning brings good news.
											So I had to come up with something to do with the morning,
											because there's good news in the morning.
											And in the village also, there is one chief, an elder,
											who if he says yes, everybody will follow him.
											So I went to him very early in the morning, as the sun rose.
											The first thing he sees when he opens his door is, it's me.
									","
											Así que regresé, y tuve que volver
a nuestras tradiciones.
											Hay una creencia,
en nuestro pueblo
											que dice que la mañana
trae buenas noticias.
											Así que tuve que inventar algo
que tuviese que ver con la mañana,
											porque hay buenas noticias en la mañana.
											Y en la aldea, además,
hay un jefe, un anciano,
											que si accede,
todos deben seguirlo.
											Así que fui a verlo, en la mañana,
mientras salía el sol.
											Lo primero que él vio
cuando abrió la puerta, fue a mí.
									","
											Então recuei e tive
que regressar à tradição.
											Há uma crença entre o meu povo
											de que as manhãs trazem boas notícias.
											Então, eu tinha que fazer algo de manhã,
											porque há boas notícias de manhã.
											Na aldeia, há um chefe, 
uma pessoa mais velha,
											cujas opiniões são seguidas por todos.
											Então fui ter com ele de manhã bem cedo, 
ao nascer do sol.
											A primeira coisa que 
viu ao abrir a porta fui eu.
									","
											Böylece evime döndüm ve geleneğe geri dönmek zorunda kaldım.
											İnsanlarım arasında sabahın
											iyi haberler getirdiğine dair bir inanç vardır.
											Dolayısıyla ne yapacaksam sabahları yapmalıydım,
											çünkü sabah iyi haberler getirir.
											Köyde aynı zamanda büyüğümüz olan bir şef var
											eğer o tamam derse, herkes ona uyardı.
											Bu yüzden, sabahın çok erken saatinde, daha güneş doğarken, onu görmeye gittim.
											Kapısını açtığında ilk gördüğü şey, bendim.
									","
											Alors je suis revenu et il me fallait revenir à la tradition.
											Il y a une croyance au sein de notre peuple
											que le matin est porteur de bonnes nouvelles.
											Alors il me fallait trouver quelque chose
qui était lié au matin,
											parce que le matin apporte des bonnes nouvelles.
											Et aussi, dans le village, il y a un chef, un ancien,
											que tout le monde suit quand il est d'accord.
											Alors je suis allée le voir très tôt le matin, au lever du soleil.
											La première chose qu'il a vue quand il a ouvert sa porte, c'était moi.
									","
											Also ging ich zurück und 
kehrte zur Tradition zurück.
											In unserem Volk gibt es einen Glauben,
											dass der Morgen gute Neuigkeiten bringt.
											Also musste ich meine Strategie
auf den Morgen verlagern,
											weil es am Morgen gute Neuigkeiten gibt.
											Und im Dorf gibt es auch einen Stammesältesten,
											dem, wenn er ""Ja"" sagt, jeder folgen wird.
											So ging ich am sehr frühen Morgen
zu ihm, als die Sonne aufging.
											Das erste, was er beim Öffnen
seiner Tür sah, war ich.
									",A girl who demanded school,Kakenya Ntaiya,15:16,"Africa,TEDx,activism,education,feminism,women,global development"
"
","
","
","
","
","
",A girl who demanded school,Kakenya Ntaiya,15:16,"Africa,TEDx,activism,education,feminism,women,global development"
"
											""My child, what are you doing here?""
									","
											""Mi niña, ¿qué estás haciendo aquí?""
									","
											""Minha filha, o que estás aqui a fazer?""
									","
											""Çocuğum, burada ne yapıyorsun?"" dedi.
									","
											""Mon enfant, que fais-tu ici ?""
									","
											""Mein Kind, was machst du hier?""
									",A girl who demanded school,Kakenya Ntaiya,15:16,"Africa,TEDx,activism,education,feminism,women,global development"
"
","
","
","
","
","
",A girl who demanded school,Kakenya Ntaiya,15:16,"Africa,TEDx,activism,education,feminism,women,global development"
"
											""Well, Dad, I need help. Can you support me to go to America?""
											I promised him that I would be the best girl,
											I will come back, anything they wanted after that,
											I will do it for them.
									","
											""Bueno, Papá, necesito ayuda.
¿Puedes ayudarme para ir a Estados Unidos?""
											Le prometí que sería la mejor niña,
											que regresaría, y que cualquier cosa
que ellos quisieran después,
											yo la haría por ellos.
									","
											""Pai, preciso de ajuda. Podes 
ajudar-me a ir para a América?""
											Prometi-lhe que seria 
a melhor das raparigas.
											Que voltaria. Tudo o que eles 
quisessem, depois disso,
											eu faria por eles.
									","
											""Baba, yardımına ihtiyacım var. Amerika'ya gitmem için bana destek olur musun?"" dedim.
											Orada iyi bir kız olacağıma, geri döneceğime
											ve sonrasında isteyecekleri her şeyi
											yapacağıma söz verdim.
									","
											""Eh bien, Père, j'ai besoin d'aide. Peux-tu me soutenir dans mon projet d'aller en Amérique ?""
											Je lui ai promis que je serais la meilleure fille,
											que je reviendrais, tout que qu'ils voudraient après ça,
											je le ferais pour eux.
									","
											""Vater, ich brauche Hilfe. Kannst du mich dabei
unterstützen, nach Amerika zu gehen?""
											Ich versprach ihm, ein braves Mädchen zu sein,
											ich würde zurückkommen 
und alles tun, was sie danach
											von mir verlangen würden.
									",A girl who demanded school,Kakenya Ntaiya,15:16,"Africa,TEDx,activism,education,feminism,women,global development"
"
","
","
","
","
","
",A girl who demanded school,Kakenya Ntaiya,15:16,"Africa,TEDx,activism,education,feminism,women,global development"
"
											He said, ""Well, but I can't do it alone.""
											He gave me a list of another 15 men that I went —
											16 more men — every single morning
											I went and visited them.
											They all came together.
											The village, the women, the men, everybody came together
											to support me to come to get an education.
									","
											Él me dijo, ""Bueno,
pero no puedo hacerlo solo"".
											Me dio una lista
de otros 15 hombres,
											16 hombres más,
y cada mañana
											yo los visitaba.
											Todos ellos se reunieron.
											La aldea, las mujeres,
los hombres, todos se reunieron
											para respaldarme para que viniese
a obtener mi educación.
									","
											Ele disse: ""Não posso fazer isso sozinho.""
											Deu-me uma lista 
de outros 16 homens
											que eu fui visitar, sempre de manhã.
											Todos se uniram.
											A aldeia, as mulheres, 
os homens, todos se uniram
											para me apoiarem para eu vir estudar.
									","
											""Tamam, ama bunu yalnız yapamam"" dedi.
											Bana bir liste verdi üzerinde 15 —
											16 adamın isminin yazılı olduğu. Sonraki her bir sabah
											onları ziyarete gittim.
											Hepsi bir araya geldi.
											Bütün köy, kadın, erkek, herkes bir araya gelip
											eğitim almamı desteklediler.
									","
											Il a dit, ""Mais, je ne peux pas faire ça tout seul.""
											Il m'a donné une liste de 15 autres hommes à qui —
											16 hommes — chaque matin
											à qui j'ai rendu visite.
											Ils se sont tous rassemblés.
											Le village, les femmes, les hommes, tout le monde s'est rassemblé
											pour me soutenir dans mon projet d'accéder à l'éducation.
									","
											Er sagte: ""Das kann ich aber
nicht allein entscheiden.""
											Er gab mir eine Liste mit den Namen 
15 anderer Männer, zu denen ich ging –
											16 mehr Männer – jeden einzelnen Morgen
											ging ich zu denen und besuchte sie.
											Dann trafen sie sich.
											Das Dorf, die Frauen, die Männer, alle kamen sie,
											um mich dabei zu unterstützen, 
eine Ausbildung zu erlangen.
									",A girl who demanded school,Kakenya Ntaiya,15:16,"Africa,TEDx,activism,education,feminism,women,global development"
"
","
","
","
","
","
",A girl who demanded school,Kakenya Ntaiya,15:16,"Africa,TEDx,activism,education,feminism,women,global development"
"
											I arrived in America. As you can imagine, what did I find?
											I found snow!
											I found Wal-Marts, vacuum cleaners,
											and lots of food in the cafeteria.
											I was in a land of plenty.
									","
											Llegué a Estados Unidos. Y como imaginan,
¿qué fue lo que encontré?
											¡Encontré nieve!
											Encontré Wal-Marts, aspiradoras,
											y mucha comida en la cafetería.
											Estaba en la tierra de la abundancia.
									","
											Cheguei aos Estados Unidos.
											Como imaginam, o que é que encontrei?
											Encontrei neve!
											Encontrei o Wal-Marts, aspiradores
											e montes de comida na cantina.
											Estava numa terra de abundância.
									","
											Amerika'ya geldim. Ne buldum tahmin edersiniz?
											Kar buldum!
											Wal-Mart, elektrik süpürgesi ve
											kafeteryada bir sürü yemek buldum.
											Bolluk ülkesine gelmiştim.
									","
											Je suis arrivé en Amérique. Comme vous pouvez l'imaginer, qu'ai-je trouvé ?
											La neige !
											J'ai trouvé des Wal-Mart, des aspirateurs,
											et beaucoup de nourriture à la cafétéria.
											J'étais en terre d'abondance.
									","
											Ich kam in Amerika an. Und was sah ich dort?
											Ich sah Schnee!
											Ich entdeckte Wal-Marts, Staubsauger,
											und viel Essen in der Cafeteria.
											Ich war im Schlaraffenland.
									",A girl who demanded school,Kakenya Ntaiya,15:16,"Africa,TEDx,activism,education,feminism,women,global development"
"
","
","
","
","
","
",A girl who demanded school,Kakenya Ntaiya,15:16,"Africa,TEDx,activism,education,feminism,women,global development"
"
											I enjoyed myself, but during that moment while I was here,
											I discovered a lot of things.
											I learned that that ceremony that I went through
											when I was 13 years old, it was called female genital mutilation.
											I learned that it was against the law in Kenya.
											I learned that I did not have to trade part of my body
											to get an education. I had a right.
											And as we speak right now, three million girls
											in Africa are at risk of going through this mutilation.
											I learned that my mom had a right to own property.
											I learned that she did not have to be abused
											because she is a woman.
											Those things made me angry.
											I wanted to do something.
											As I went back, every time I went,
											I found that my neighbors' girls were getting married.
											They were getting mutilated, and here,
											after I graduated from here, I worked at the U.N.,
											I went back to school to get my graduate work,
											the constant cry of these girls was in my face.
											I had to do something.
									","
											Lo disfruté, pero durante
el tiempo que estuve aquí,
											descubrí muchas cosas.
											Descubrí que la ceremonia que atravesé
											cuando tenía 13 años
se llama mutilación genital femenina.
											Aprendí que es anticonstitucional en Kenia.
											Aprendí que no debía cambiar
ninguna parte de mi cuerpo
											para obtener una educación.
Tenía un derecho.
											Y mientras hablamos ahora,
hay 3 millones de niñas
											en África, corriendo el riesgo
de pasar por esta mutilación.
											Aprendí que mi mamá
tiene derecho a la propiedad.
											Aprendí que no debía ser abusada
											solo por ser mujer.
											Estas cosas me enfurecieron.
											Quería hacer algo.
											Cuando volvía,
cada vez que volvía,
											veía que las hijas de mis vecinos
se estaban casando.
											Las estaban mutilando, y aquí,
											luego de graduarme,
trabajé en la ONU,
											volví a la universidad
para obtener mi licenciatura,
											y tenía presente el llanto
constante de estas niñas.
											Debía hacer algo.
									","
											Diverti-me, mas durante esse período,
											descobri muitas coisas.
											Descobri que aquela cerimónia 
por que havia passado
											aos 13 anos, tinha o nome de 
mutilação genital feminina.
											Descobri que era ilegal no Quénia.
											Descobri que não tinha que 
trocar parte do meu corpo
											para poder estudar.
											Eu tinha direito a isso.
											Neste preciso momento,
três milhões de raparigas,
											em África, correm o risco 
de passar por esta mutilação.
											Descobri que a minha mãe tinha 
direito à sua propriedade.
											Descobri que ela não tinha 
que ser violentada
											por ser mulher.
											Estas coisas enfureceram-me.
											Queria fazer algo.
											De cada vez que lá voltava,
											ficava a saber que as filhas 
dos vizinhos se iam casar.
											Eram mutiladas, e aqui,
											depois de me formar, 
trabalhei na ONU.
											Regressei à escola para ter 
um emprego de nível.
											O choro constante destas 
raparigas era meu também.
											Tinha que fazer alguma coisa.
									","
											Keyfime baktım, ama burda geçirdiğim zamanda
											bir sürü şey de keşfettim.
											13 yaşındayken başımdan geçen törenin
											kadın sünneti olarak bilindiğini öğrendim.
											Bunun Kenya yasalarına aykırı bir şey olduğunu öğrendim.
											Eğitim almak karşılığında, vücudumun bir parçasını takas etmek
											zorunda olmadığımı öğrendim. Eğitim hakkımdı.
											Biz şu anda konuşurken, Afrika'da 3 milyon kız çocuğu
											bu sünnet geleneğine tabi olma riski altında.
											Annemin mülk edinme hakkı olduğunu öğrendim.
											Kadın olduğu için istirmar
											edilmemesi gerektiğini öğrendim.
											Bu öğrendiklerim beni öfkelendirdi.
											Bir şeyler yapmak istedim.
											Her geri dönüşümde, komşularımın kızlarını
											evlenmek üzere buldum ve
											sünnet ediliyorlardı.
											Buradan mezun olduktan sonra, BM'de çalışmaya başladım.
											Sonra, yüksek lisansımı tamamlamak üzere okula döndüm,
											ama köyümün kızlarının daima ağlayan yüzleri hiç gözümün önünden gitmedi.
											Bir şeyler yapmak zorundaydım.
									","
											Je me suis amusée, mais pendant ce séjour,
											j'ai découvert beaucoup de choses.
											J'ai appris que cette cérémonie
par laquelle je suis passée
											quand j'avais 13 ans, ça s'appelle la mutilation de l'appareil génital de la femme.
											J'ai appris que c'était illégal au Kenya.
											J'ai appris que je n'avais pas à faire le négoce d'une partie de mon corps
											pour accéder à l'éducation. J'avais un droit.
											Et à cet instant même, en Afrique,
trois million de filles
											sont confrontées au risque de subir cette mutilation.
											J'ai appris que ma mère avait le droit de posséder quelque chose.
											J'ai appris qu'elle n'avait pas à être violée
											parce que c'est une femme.
											Ces choses m'ont mises en colère.
											Je voulais faire quelque chose.
											Quand je rentrais, chaque fois que je rentrais,
											je réalisais que les filles de mes voisins se mariaient.
											On les mutilait, et ici,
											à la fin de mes études ici,
j'ai travaillé aux Nations Unies,
											je suis retournée à l'école pour obtenir mon diplôme,
											les pleurs incessants de ces filles
m'arrivaient en plein visage.
											Je devais faire quelque chose.
									","
											Ich hatte Spaß, aber während meines Aufenthalts
											fand ich viele Sachen heraus.
											Ich erfuhr, dass die Zeremonie, 
an der ich teilgenommen hatte,
											als ich 13 Jahre war, weibliche 
Genitalverstümmelung genannt wurde.
											Ich erfuhr, dass sie gegen 
das Gesetz in Kenia verstößt.
											Ich erfuhr, dass ich nicht einen Teil
meines Körpers gegen Ausbildung
											eintauschen muss. Ich hatte ein Recht.
											Und während wir hier sprechen, 
sind drei Millionen Mädchen
											in Afrika der Gefahr einer solchen
Verstümmelung ausgesetzt.
											Ich erfuhr, dass meine Mutter
das Recht auf Grundbesitz hatte.
											Ich erfuhr, dass sie nicht 
aufgrund ihres Geschlechts
											missbraucht werden durfte.
											Diese Sachen machten mich wütend.
											Ich wollte etwas tun.
											Jedes Mal, wenn ich zurückging,
											fand ich heraus, dass die
Nachbarsmädchen verheiratet wurden.
											Sie wurden verstümmelt, und hier,
											nach meinem Abschluss, 
arbeitete ich für die Vereinten Nationen,
											ich ging zurück an die Universität 
und schrieb meine Diplom-Arbeit,
											das Weinen der Mädchen 
war ständig vor meinen Augen.
											Ich musste etwas tun.
									",A girl who demanded school,Kakenya Ntaiya,15:16,"Africa,TEDx,activism,education,feminism,women,global development"
"
","
","
","
","
","
",A girl who demanded school,Kakenya Ntaiya,15:16,"Africa,TEDx,activism,education,feminism,women,global development"
"
											As I went back, I started talking to the men,
											to the village, and mothers, and I said,
											""I want to give back the way I had promised you
											that I would come back and help you. What do you need?""
									","
											Cuando volvía, comencé
hablando con los hombres
											de la aldea, y las madres,
y les dije,
											""Les quiero devolver,
como les prometí
											que volvería para ayudarlos.
¿Qué necesitan?""
									","
											Quando regressava, falava com os homens,
											com a aldeia, com as mães, e dizia:
											""Quero retribuir, conforme vos prometi,
											""que voltaria e ajudaria.
De que precisam?""
									","
											Geri döndüğümde, köyümün adamlarıyla ve kadınlarıyla
											konuşmaya başladım ve onlara dedim ki:
											""Ben size verdiğim sözü tutarak geri dondüm ve size
											yardım etmek istiyorum. Neye ihtiyacınız var?""
									","
											Quand je suis rentrée, j'ai commencé
à parler aux hommes,
											aux habitants du village et aux mères, et j'ai dit,
											""Je veux rendre ce que je vous avais promis,
											que je rentrerais et vous aiderais.
De quoi avez-vous besoin ?""
									","
											Als ich zurückging, begann ich 
mit den Männern zu sprechen,
											mit dem Dorf, und den Müttern, und ich sagte,
											""Ich möchte euch etwas zurückgeben und helfen,
											so wie ich es versprochen hatte. Was braucht ihr?""
									",A girl who demanded school,Kakenya Ntaiya,15:16,"Africa,TEDx,activism,education,feminism,women,global development"
"
","
","
","
","
","
",A girl who demanded school,Kakenya Ntaiya,15:16,"Africa,TEDx,activism,education,feminism,women,global development"
"
											As I spoke to the women, they told me,
											""You know what we need? We really need a school for girls.""
											Because there had not been any school for girls.
											And the reason they wanted the school for girls
											is because when a girl is raped when she's walking to school,
											the mother is blamed for that.
											If she got pregnant before she got married,
											the mother is blamed for that, and she's punished.
											She's beaten.
											They said, ""We wanted to put our girls in a safe place.""
									","
											Y hablando con las mujeres, me dijeron,
											""¿Sabes que necesitamos? Realmente
necesitamos una escuela para las niñas"".
											Porque nunca había habido
una escuela para niñas.
											Y la razón por la cual querían
una escuela para ellas
											es porque cuando violaban a una niña
mientras iba a la escuela,
											culpaban a la madre por ello.
											Si quedaba embarazada
antes del matrimonio,
											también culpan a la madre,
y la castigan por ello.
											La golpean.
											Me dijeron ""Queremos poner
a nuestras niñas en un lugar a salvo"".
									","
											Conforme falava com as 
mulheres, elas diziam-me:
											""Precisamos de uma escola para raparigas.""
											Nunca tinha havido nenhuma 
escola para raparigas.
											Queriam essa escola para raparigas
											porque, quando uma rapariga 
é violada a caminho da escola,
											a mãe é culpada por isso.
											Se engravidar antes de casar,
											a mãe é culpada e punida.
											É espancada.
											Elas disseram: ""Queremos as 
nossas meninas num sítio seguro"".
									","
											Kadınlar bana dedi ki:
											""Bize ne gerek biliyor musun? Kızlar için bir okula gerçekten çok ihtiyaç var.""
											Çünkü kızlar için herhangi bir okul yoktu.
											Annelerin kızların okulu olmasını isteme sebepleri şuydu:
											bir kız çocuğu okula yürürken tecavüze uğrarsa
											anne suçlanırdı.
											Eğer evlenmeden önce hamile kalırsa,
											anne suçlanır ve cezalandırılırdı.
											Anne dayak yerdi.
											""Biz kızlarımızı güvenli bir yere koymak istiyoruz."" dediler.
									","
											En parlant aux femmes, elles m'ont dit,
											""Tu sais de quoi on a besoin ? On a vraiment besoin d'une école pour filles.""
											Parce qu'il n'y avait jamais eu d'école pour filles.
											Et la raison pour laquelle elles voulaient
une école pour filles
											c'est parce que quand une fille est violée sur le chemin de l'école,
											on jette la faute sur la mère
											Si elle tombe enceinte avant de se marier,
											c'est la mère qu'on rend responsable et elle est punie.
											Elle est battue.
											Elles ont dit, ""On veut mettre
nos filles dans un lieu sûr.""
									","
											Ich sprach mit den Frauen, sie sagten mir,
											""Weißt du, was wir brauchen?
Wir brauchen eine Schule für Mädchen.""
											Es gab nämlich keine.
											Und sie wünschten sich eine Mädchenschule,
											weil die Mutter dafür verantwortlich
gemacht wurde, wenn ein Mädchen
											auf dem Schulweg vergewaltigt wurde.
											Wenn es vor der Heirat schwanger wurde,
											wurde die Mutter dafür verantwortlich
gemacht und bestraft.
											Sie wurde geschlagen.
											Sie sagten: ""Wir wollen unsere Mädchen
an einem sicheren Ort wissen.""
									",A girl who demanded school,Kakenya Ntaiya,15:16,"Africa,TEDx,activism,education,feminism,women,global development"
"
","
","
","
","
","
",A girl who demanded school,Kakenya Ntaiya,15:16,"Africa,TEDx,activism,education,feminism,women,global development"
"
											As we moved, and I went to talk to the fathers,
											the fathers, of course, you can imagine what they said:
											""We want a school for boys.""
									","
											Mientras nos mudábamos,
y fui a hablar con los padres,
											se imaginarán por supuesto,
lo que me dijeron ellos:
											""Queremos una escuela para niños"".
									","
											Quando continuámos,
e eu fui falar com os pais,
											os pais, claro, imaginam o que disseram:
											""Queremos uma escola para rapazes"".
									","
											Sonrasında, babalarla konuşmaya gittim
											Babalar, tabii ki, tahmin edebileceğiniz gibi,
											""Biz erkekler için bir okul istiyoruz."" dediler.
									","
											En faisant des progrès, quand je suis allée parler aux pères,
											bien sûr, vous imaginez ce que les pères ont dit :
											""On veut une école pour garçons.""
									","
											Als wir loszogen, um mit den Vätern zu sprechen,
											können Sie sich bestimmt 
vorstellen, was sie sagten:
											""Wir wollen eine Schule für Jungen.""
									",A girl who demanded school,Kakenya Ntaiya,15:16,"Africa,TEDx,activism,education,feminism,women,global development"
"
","
","
","
","
","
",A girl who demanded school,Kakenya Ntaiya,15:16,"Africa,TEDx,activism,education,feminism,women,global development"
"
											And I said, ""Well, there are a couple of men from my village
											who have been out and they have gotten an education.
											Why can't they build a school for boys,
											and I'll build a school for girls?""
											That made sense. And they agreed.
											And I told them, I wanted them to show me a sign of commitment.
											And they did. They donated land where we built the girls' school.
											We have.
									","
											Y les dije, ""Bien, hay un par
de hombres de mi aldea
											que han salido, y han
obtenido una educación.
											¿Por qué no pueden ellos construir
una escuela para niños,
											y yo construyo una para niñas?
											Esto tuvo sentido.
Y estuvieron de acuerdo.
											Y les dije, que quería que me mostraran
una señal de su compromiso.
											Y lo hicieron. Donaron el terreno
donde construimos la escuela para las niñas.
											Lo hicimos.
									","
											E eu disse: ""Há homens na aldeia
											""que foram para fora estudar.
											""Porque é que eles não constroem 
uma escola para rapazes
											e nós construímos uma para raparigas?""
											Fazia sentido. E eles concordaram.
											Disse-lhes que precisava que me 
mostrassem um sinal de compromisso.
											Assim fizeram. Doaram a terra onde 
construímos a escola para raparigas
											que temos.
									","
											Ben de dedim ki: ""Bu köyün erkeklerinden birkaçı
											yurt dışında bulundu ve orada eğitim aldı.
											Onlar erkekler için bir okul yaptırsınlar,
											ben de kızlar için.""
											Söylediklerim mantıklıydı ve onlar da kabul ettiler.
											Onlardan bana bir güvence vermelerini istedim.
											Ve onlar da verdiler. Okulu yapacağımız toprağı hediye ettiler.
											Okulu yaptık.
									","
											Alors j'ai dit, ""Eh bien, il y a quelques hommes de mon village
											qui sont partis et ils ont eu accès à l'éducation.
											Pourquoi ne construisent-ils pas
une école pour garçons,
											et moi, je construirai une école pour fille ?
											C'était logique. Alors ils ont accepté.
											Et je leur ai dit que je voulais qu'ils me donnent un signe de leur engagement.
											Et ils l'ont fait. Ils ont donné le terrain
sur lequel on a construit
											l'école de filles.
									","
											Und ich sagte: ""Also, es gibt 
einige Männer aus meinem Dorf,
											die es verlassen haben und 
eine Ausbildung erhalten haben.
											Wieso können sie nicht 
eine Schule für Jungen bauen,
											während ich eine Schule für Mädchen baue?""
											Es war logisch. Und sie willigten ein.
											Ich verlangte von ihnen einen 
Beweis für ihr Engagement.
											Und sie schenkten uns Land 
für den Bau unserer
											Mädchenschule.
									",A girl who demanded school,Kakenya Ntaiya,15:16,"Africa,TEDx,activism,education,feminism,women,global development"
"
","
","
","
","
","
",A girl who demanded school,Kakenya Ntaiya,15:16,"Africa,TEDx,activism,education,feminism,women,global development"
"
											I want you to meet one of the girls in that school.
											Angeline came to apply for the school,
											and she did not meet any criteria that we had.
											She's an orphan. Yes, we could have taken her for that.
											But she was older. She was 12 years old,
											and we were taking girls who were in fourth grade.
											Angeline had been moving from one place —
											because she's an orphan, she has no mother, she has no father —
											moving from one grandmother's house to another one,
											from aunties to aunties. She had no stability in her life.
											And I looked at her, I remember that day,
											and I saw something beyond what I was seeing in Angeline.
											And yes, she was older to be in fourth grade.
											We gave her the opportunity to come to the class.
											Five months later, that is Angeline.
											A transformation had begun in her life.
											Angeline wants to be a pilot so she can fly around the world
											and make a difference.
											She was not the top student when we took her.
											Now she's the best student, not just in our school,
											but in the entire division that we are in.
											That's Sharon. That's five years later.
											That's Evelyn. Five months later, that is the difference that we are making.
									","
											Quiero que conozcan a una
de las niñas en esa escuela.
											Angeline presentó una solicitud,
											y ella no cumplía con ninguno
de los requisitos que teníamos.
											Ella es huérfana. Sí, podríamos
haberla aceptado por eso.
											Pero ella ya era mayor.
Tenía 12 años,
											y nosotros estábamos tomando niñas
que estaban en cuarto grado.
											Angeline había estado
mudándose de un lugar a...
											porque siendo huérfana,
no tiene madre, ni padre,
											así que iba de la casa
de una abuela a la otra,
											de tía en tía. No tenía
estabilidad en su vida.
											Y la observé, recuerdo ese día,
											y vi algo mucho más allá
de lo que veía en Angeline.
											Y sí, ella ya era mayor
para estar en cuarto grado.
											Le dimos la oportunidad
de venir a clases.
											Cinco meses después,
esta es Angeline.
											Había comenzado
una transformación en su vida.
											Angeline quiere ser piloto,
para poder volar alrededor del mundo
											y marcar una diferencia.
											No era nuestra mejor alumna
cuando la aceptamos.
											Ahora es la mejor alumna,
no solo en nuestra escuela,
											sino de toda la división
en la que estamos.
											Ella es Sharon.
Ahí está cinco años después.
											Esta es Evelyn. Cinco meses después,
esta es la diferencia que estamos haciendo.
									","
											Apresento-vos uma das meninas
dessa escola.
											A Angeline inscreveu-se na escola
											e não cumpria os requisitos que tínhamos.
											É órfã. Sim, podíamos 
tê-la aceitado por isso.
											Mas ela era mais velha. Tinha 12 anos
											e nós estávamos a aceitar 
meninas que estavam no 4.º ano.
											A Angeline tinha andado
de um lado para o outro.
											Como é é órfã, não tem mãe, não tem pai,
											andava de avó em avó,
											de tia para tia, não tinha 
estabilidade na vida dela.
											Eu olhei para ela
— lembro-me desse dia —
											e vi algo para além do 
que estava a ver na Angeline.
											Pela idade, já devia 
ter passado do 4.º ano.
											Demos-lhe a oportunidade de vir às aulas.
											Cinco meses mais tarde, esta é a Angeline.
											Tinha-se iniciado
uma transformação na sua vida.
											A Angeline quer ser piloto 
para poder voar pelo mundo
											e fazer a diferença.
											Ela não era a melhor aluna 
quando a recebemos.
											Agora é a melhor, não 
apenas na nossa escola
											mas em toda a divisão 
da qual fazemos parte.
											Esta é a Sharon. Isto é 
cinco anos mais tarde.
											Esta é a Evelyn. Cinco meses mais tarde,
esta é a diferença que estamos a fazer.
									","
											Bu okuldan bir kızla tanışmanızı istiyorum.
											Angeline okula başvurmak için geldiğinde,
											hiçbir kriterimizi karşılamıyordu.
											Bir yetimdi. Evet, bu sebeple onu okula kabul edebilirdik.
											Ama yaşı büyüktü. 12 yaşındaydı ve biz
											dördüncü sınıf öğrencilerini kabul ediyorduk.
											Yetim olduğu, annesi ve babası olmadığı için,
											Angeline'ın kurulu bir düzeni yoktu,
											bir büyükannesinin evinden diğerine, bir teyzesinden
											diğerine, gönderiliyordu. Hayatında istikrar yoktu.
											Angeline'e şöyle bir baktım, o günü net hatırlıyorum,
											o gün Angeline'de, gördüğümün ötesinde bir şeyler olduğunu fark ettim.
											Dördüncü sınıfa girmek için olması gerekenden büyüktü.
											Sınıfa gelmesi için ona bir fırsat verdik.
											İşte bu Angeline'nın 5 ay sonraki hali.
											Hayatında bir dönüşüm başlamıştı.
											Angeline pilot olmak istiyor, dünyanın her yerine uçup
											bir fark yaratmak için.
											Okula geldiğinde en iyi öğrenci değildi.
											Ama şimdi, sadece bizim okulumuzda değil,
											bölgedeki 4. sınıflar arasındaki en iyi öğrenci o.
											Bu Sharon. Bu da beş yıl sonraki hali.
											Bu Evelyn. İşte bu da beş ay sonraki hali ve bu bizim yarattığımız fark.
									","
											Je veux que vous rencontriez une des filles de cette école.
											Angeline a présenté sa candidature à l'école,
											et elle ne remplissait aucun de nos critères.
											Elle est orpheline. Oui, on aura pu la retenir pour ça.
											Mais elle était plus âgée. Elle avait 12 ans,
											et on acceptait les filles de quatrième section.
											Angeline avait déménagé d'un endroit —
											parce qu'elle est orpheline, elle n'a ni mère, ni père —
											allant de la maison d'une grand-mère à une autre,
											d'une tante à une autre. Elle n'avait
aucune stabilité dans sa vie.
											Et je l'ai regardée, je me souviens ce jour-là,
											et j'ai vu quelque chose au-delà 
de ce que je voyais en Angeline.
											Et oui, elle était trop grande
pour être en quatrième section.
											Nous lui avons donné l'opportunité
de venir en classe.
											Cinq mois plus tard, voici Angeline.
											Une transformation avait commencé dans sa vie.
											Angeline veut être pilote pour
pouvoir voler autour du monde
											et faire la différence.
											Elle n'était pas la meilleure élève
quand on l'a accueillie.
											Maintenant, elle est la meilleure élève, non seulement de notre école,
											mais de toute la division à laquelle nous appartenons.
											Voici Sharon. Cinq ans plus tard.
											Voici Evelyn. Cinq mois plus tard, on arrive à faire la différence.
									","
											Ich möchte, dass Sie ein Mädchen
dieser Schule kennen lernen.
											Angeline bewarb sich an unserer Schule,
											erfüllte aber keines unserer Kriterien.
											Sie ist eine Waise. Ja, wir hätten
sie deswegen aufnehmen können.
											Aber sie war älter. Sie war 12 Jahre alt,
											und wir nehmen Mädchen auf, 
die in die vierte Klasse gehen.
											Angeline zog von einem Ort zum anderen –
											weil sie eine Waise ist, ohne Mutter, ohne Vater –
											sie zog von einer Großmutter zur anderen,
											von Tante zur Tante. Es gab
keine Stabilität in ihrem Leben.
											Und ich schaute sie an, 
ich erinnere mich an den Tag,
											und ich sah etwas Besonderes in Angeline.
											Und ja, sie war zu alt für die vierte Klasse.
											Wir gaben ihr die Gelegenheit, 
die Klasse zu besuchen.
											Fünf Monate später. Das ist Angeline.
											Ein Wandel ist in ihr Leben getreten.
											Angeline möchte Pilotin werden, 
um die ganze Welt zu umfliegen
											und etwas zu verändern.
											Sie war erst keine herausragende Schülerin.
											Jetzt ist sie die beste, nicht nur in unserer Schule,
											sondern in unserer ganzen Abteilung.
											Das ist Sharon. Das ist sie fünf Jahre später.
											Das ist Evelyn. Fünf Monate später, 
das ist der Unterschied, den wir bewirken.
									",A girl who demanded school,Kakenya Ntaiya,15:16,"Africa,TEDx,activism,education,feminism,women,global development"
"
","
","
","
","
","
",A girl who demanded school,Kakenya Ntaiya,15:16,"Africa,TEDx,activism,education,feminism,women,global development"
"
											As a new dawn is happening in my school,
											a new beginning is happening.
											As we speak right now, 125 girls will never be mutilated.
											One hundred twenty-five girls will not be married when they're 12 years old.
											One hundred twenty-five girls are creating and achieving their dreams.
											This is the thing that we are doing,
											giving them opportunities where they can rise.
											As we speak right now, women are not being beaten
											because of the revolutions we've started in our community.
									","
											Mientras comienza
un nuevo día en mi escuela,
											sucede el comienzo de algo nuevo.
											En este momento, 125 niñas
jamás serán mutiladas.
											Ciento veinticinco niñas, no serán
casadas a la edad de 12 años.
											Ciento veinticinco niñas están creando
y alcanzando sus sueños.
											Esto es lo que estamos haciendo,
											dándoles oportunidades,
donde pueden crecer.
											En este momento, hay mujeres
a quienes no están golpeando
											gracias a la revolución
que comenzamos en nuestra comunidad.
									","
											Conforme assistimos 
a um novo amanhecer,
											dá-se um novo início.
											Neste momento, 125 raparigas 
nunca serão mutiladas.
											125 raparigas não irão 
casar aos 12 anos.
											125 raparigas estão a criar e 
a concretizar os seus sonhos.
											É isto que estamos a fazer,
											estamos a dar-lhes a 
oportunidade de progredirem.
											Neste exato momento, as mulheres 
não estão a ser espancadas
											devido às revoluções que 
começámos na nossa comunidade.
									","
											Her gün doğumunda, okulum
											yeni bir başlangıca gebe.
											Biz şu anda konuşurken, biliyorum ki 125 kız çocuğu asla sünnet olmayacak.
											Bu 125 kız çocuğu, 12 yaşına geldiklerinde evlendirilmeyecekler.
											Bu 125 kız çocuğu, hayaller kuruyor ve onları gerçekleştiriyor.
											İşte biz bunu yapıyoruz,
											onlara serpilmeleri için fırsatlar veriyoruz.
											Biz şu anda konuşurken, toplumda
											başlattığımız devrimler sayesinde, kadınlar artık dövülmüyor.
									","
											Alors qu'un renouveau se fait jour dans mon école,
											c'est un nouveau commencement.
											À cet instant, 125 filles ne seront jamais mutilées.
											Cent-ving-cinq filles ne seront pas mariées
à l'âge de 12 ans.
											Cent-ving-cinq filles créent et ont accès à leur rêve.
											Voilà ce qu'on fait,
											on leur donne l'opportunité de s'élever.
											À cet instant, les femmes ne sont pas battues
											grâce à la révolution que nous avons initiée dans notre communauté.
									","
											Ein Wandel vollzieht sich an meiner Schule,
											ein Neuanfang findet statt.
											Während wir hier sprechen, werden
125 Mädchen nie wieder verstümmelt werden.
											125 Mädchen werden nicht verheiratet werden,
sobald sie das 12. Lebensjahr erreicht haben.
											125 Mädchen erschaffen etwas 
und erfüllen ihre Träume.
											Das ist unsere Tätigkeit:
											Wir geben ihnen Gelegenheiten zu wachsen.
											Während wir hier sprechen, 
werden Frauen nicht geschlagen,
											aufgrund der Revolution, die wir 
in unserer Gemeinschaft gestartet haben.
									",A girl who demanded school,Kakenya Ntaiya,15:16,"Africa,TEDx,activism,education,feminism,women,global development"
"
","
","
","
","
","
",A girl who demanded school,Kakenya Ntaiya,15:16,"Africa,TEDx,activism,education,feminism,women,global development"
"
											(Applause)
									","
											(Aplausos)
									","
											(Aplausos)
									","
											(Alkışlar)
									","
											(Applaudissements)
									","
											(Applaus)
									",A girl who demanded school,Kakenya Ntaiya,15:16,"Africa,TEDx,activism,education,feminism,women,global development"
"
","
","
","
","
","
",A girl who demanded school,Kakenya Ntaiya,15:16,"Africa,TEDx,activism,education,feminism,women,global development"
"
											I want to challenge you today.
											You are listening to me because you are here,
											very optimistic.
											You are somebody who is so passionate.
											You are somebody who wants to see a better world.
											You are somebody who wants to see that war ends, no poverty.
											You are somebody who wants to make a difference.
											You are somebody who wants to make our tomorrow better.
											I want to challenge you today that to be the first,
											because people will follow you.
											Be the first. People will follow you.
											Be bold. Stand up. Be fearless. Be confident.
											Move out, because as you change your world,
											as you change your community,
											as we believe that we are impacting one girl, one family,
											one village, one country at a time.
											We are making a difference, so if you change your world,
											you are going to change your community,
											you are going to change your country,
											and think about that. If you do that, and I do that,
											aren't we going to create a better future for our children,
											for your children, for our grandchildren?
											And we will live in a very peaceful world. Thank you very much.
									","
											Quiero desafiarlos hoy.
											Me están oyendo,
porque están aquí,
											siendo muy optimistas.
											Son personas que son
muy apasionadas.
											Son personas que quieren
ver un mundo mejor.
											Son personas que quieren ver que
la guerra llegue a su fin, sin pobreza.
											Son personas que quieren
marcar una diferencia.
											Son personas que quieren
construir un futuro mejor.
											Quiero desafiarlos a que sean
esa primera persona,
											porque los demás los seguirán.
											Sean los primeros.
Las personas los seguirán.
											Sean valientes. Háganse valer.
Sean intrépidos. Estén seguros.
											Muévanse, porque
mientras cambien el mundo,
											mientras cambien su comunidad,
											creemos que estamos impactando
a una niña, una familia,
											una aldea, un país a la vez.
											Estamos haciendo una diferencia,
así que si cambian el mundo,
											van a cambiar su comunidad,
											van a cambiar su país,
											y piénsenlo. Si Uds.
lo hacen, y yo lo hago,
											¿acaso no estaremos creando
un mejor futuro para nuestros hijos,
											para sus hijos, para sus nietos?
											Y viviremos en un mundo muy pacífico.
Muchísimas gracias.
									","
											Quero desafiar-vos hoje.
											Vocês estão a ouvir-me
											porque estão aqui muito otimistas.
											Vocês são pessoas apaixonadas.
											Vocês são pessoas que 
querem ver um mundo melhor.
											Vocês são pessoas que querem ver 
o fim da guerra, não haver pobreza.
											Vocês são pessoas que 
querem fazer a diferença.
											Vocês são pessoas que querem 
fazer o nosso amanhã melhor.
											Quero desafiar-vos a serem os primeiros,
											porque as pessoas irão seguir-vos.
											Sejam os primeiros. 
As pessoas irão seguir-vos.
											Sejam arrojados. Levantem-se. 
Sejam destemidos. Tenham confiança.
											Saiam, porque conforme mudam o mundo,
											conforme mudam a vossa comunidade,
											conforme acreditamos
que estamos a exercer influência
											numa rapariga, numa família
											numa aldeia, num país de cada vez,
											estamos a fazer a diferença.
											Assim, se mudarem o vosso mundo,
vão mudar a vossa comunidade,
											vão mudar o vosso país.
											Pensem nisso. Se vocês 
fizerem isso e eu também,
											não iremos criar um futuro 
melhor para os nossos filhos,
											para os vossos filhos, 
para os nossos netos?
											E vamos viver num mundo 
muito mais pacífico.
											Muito obrigada.
									","
											Sizi, bu gayeye katılmaya davet etmek istiyorum.
											Burada iyimser bir şekilde
											beni dinliyorsunuz.
											Çok tutkulu insanlarsınız.
											Daha iyi bir dünya görmek isteyenlerdensiniz.
											Savaşın, yoksulluğun bittiğini görmek isteyenlerdensiniz.
											Fark yaratmak isteyen birisiniz.
											Yarınımızı daha iyi yapmak isteyen birisiniz.
											Bugün sizi öncü olmaya davet ediyorum
											çünkü öyle yaparsanız insanlar sizi takip edecek.
											Öncü olun. İnsanlar sizi takip edecek.
											Cesur olun. Başkaldırın. Korkusuz olun. Kendinizden emin olun.
											Sınırlarınızı aşın, çünkü siz kendi dünyanızı değiştirdikçe,
											yaşadığınız toplumu değiştirdikçe,
											birer birer kız çocuklarını, aileleri, köyleri,
											ülkeleri etkileyeceğinize inandıkça,
											fark yaratıyorsunuz. Eğer kendi dünyanızı değiştirirseniz,
											yaşadığınız toplumu değiştireceksiniz,
											yaşadığınız ülkeyi değiştireceksiniz.
											Bunu bir düşünün. Bunu siz yaparsanız, ben yaparsam
											çocuklarımıza daha iyi bir gelecek yaratmış olmayacak mıyız?
											Sizin çocuklarınıza, hepimizin torunlarına?
											Ve çok huzurlu bir dünyada yaşıyor olacağız. Çok teşekkür ederim.
									","
											Je veux vous lancer un défi aujourd'hui.
											Vous m'écoutez parce que vous êtes ici,
											très optimistes.
											Vous êtes tellement passionnés.
											Vous voulez voir un monde meilleur.
											Vous voulez qu'il n'y ait plus de guerre,
la fin de la pauvreté.
											Vous voulez faire la différence.
											Vous voulez que demain soit meilleur.
											Aujourd'hui, je veux vous lancer le défi
d'être les premiers à le faire
											parce que les gens vous suivront.
											Soyez précurseurs. Les gens vous suivront.
											Soyez audacieux. Levez-vous. N'ayez pas peur. Ayez confiance.
											Partez, parce qu'alors que vous changez le monde,
											alors que vous changez votre communauté,
											alors qu'on croit avoir un impact
sur une fille, une famille,
											un village, un pays.
											On fait la différence, donc si vous changez votre monde,
											vous allez changer votre communauté,
											vous allez changer votre pays,
											et pensez à ça. Si vous faîtes ça, et je fais ça,
											n'allons nous pas créer
un futur meilleur pour nos enfants,
											pour vos enfants, pour nos petits-enfants ?
											Et nous vivrons dans un monde en paix. Merci beaucoup.
									","
											Ich möchte Sie heute herausfordern.
											Sie hören mir zu, weil Sie hier sind,
											sehr optimistisch gestimmt.
											Sie sind so leidenschaftliche Menschen.
											Sie möchten eine bessere Welt erleben.
											Sie möchten das Ende des Kriegs
und der Armut sehen.
											Sie möchten etwas bewirken.
											Sie möchten unsere Zukunft besser machen.
											Ich möchte Sie heute herausfordern,
als erste zu handeln,
											denn Menschen werden Ihnen dann folgen.
											Machen Sie den ersten Schritt. 
Die Menschen werden mit Ihnen gehen.
											Seien Sie mutig. Stehen Sie auf. 
Seien Sie furchtlos. Seien Sie selbstbewusst.
											Bewegen Sie etwas, denn 
wenn Sie Ihre Welt verändern,
											wenn Sie Ihre Gemeinschaft verändern,
											so glauben wir, dass wir das Leben
eines Mädchens, einer Familie,
											eines Dorfes und eines Landes 
zur selben Zeit beeinflussen können.
											Wir bewegen etwas, denn 
wenn Sie Ihre Welt verändern,
											so werden Sie Ihre Gemeinschaft verändern,
											so werden Sie Ihr Land verändern,
											und denken Sie darüber nach. 
Wenn Sie und ich es tun,
											schaffen wir dann nicht eine bessere
Zukunft für unsere Kinder,
											für Ihre Kinder, für unsere Enkelkinder?
											Und wir werden in einer friedlichen
Welt leben. Vielen Dank.
									",A girl who demanded school,Kakenya Ntaiya,15:16,"Africa,TEDx,activism,education,feminism,women,global development"
"
","
","
","
","
","
",A girl who demanded school,Kakenya Ntaiya,15:16,"Africa,TEDx,activism,education,feminism,women,global development"
"
											(Applause)
									","
											(Aplausos)
									","
											(Aplausos)
									","
											(Alkışlar)
									","
											(Applaudissements)
									","
											(Applaus)
									",A girl who demanded school,Kakenya Ntaiya,15:16,"Africa,TEDx,activism,education,feminism,women,global development"
"
","
","
","
","
","
",A girl who demanded school,Kakenya Ntaiya,15:16,"Africa,TEDx,activism,education,feminism,women,global development"
